Length
1	2	3	4	5	6	7	8	9	10	11	12	13	14	15	16	17	18	19	20
46	46	46	46	46	46	46	46	47	46	46	47	46	47	46	46	46	46	47	46

design
5	9	12	6	9	13	23	24	2	1	2	2	21	8	25	5	1	20	1	3
6	10	15	7	10	15	25	27	29	7	7	3	27	14	26	8	6	28	3	4
29	11	16	18	11	16	30	33	36	12	14	4	36	40	39	13	9	32	4	18
32	38	17	23	25	17	31	39	47	21	20	5	37	41	47	19	10	42	12	19
40	42	22	24	26	19	45	47	51	37	24	8	54	44	66	48	11	43	13	22
42	43	41	30	31	22	66	70	63	38	26	18	55	46	81	49	33	51	14	29
43	52	46	35	32	27	68	83	81	46	28	20	56	51	82	50	40	54	15	30
48	57	65	37	35	28	84	91	82	58	34	23	57	58	93	52	45	55	16	35
49	59	86	61	39	34	113	98	85	60	44	33	62	64	94	53	62	56	17	36
50	61	90	62	44	38	119	112	99	69	52	34	64	74	95	59	78	63	21	48
61	69	106	67	53	41	122	116	100	71	58	57	68	77	98	69	81	65	31	49
63	75	118	70	68	54	131	120	104	80	60	67	71	78	100	72	82	66	45	50
83	86	124	73	76	55	169	121	108	83	74	79	73	86	105	79	85	91	64	53
85	143	145	77	78	56	178	132	126	87	75	91	90	93	109	84	87	99	65	59
90	157	152	80	84	60	181	133	127	88	87	102	97	94	111	92	88	107	67	70
129	158	156	96	98	73	186	134	128	89	88	103	104	95	123	97	89	111	71	72
130	163	161	97	101	76	187	137	138	107	89	106	110	96	129	100	93	112	72	74
132	183	175	99	104	77	188	141	141	119	92	112	111	102	131	109	94	119	75	117
133	192	176	114	105	79	189	144	144	123	102	118	116	103	140	110	95	138	76	122
134	193	179	116	108	80	191	145	147	125	107	124	120	110	146	115	96	142	101	124
138	213	180	125	109	92	202	150	149	126	113	130	121	139	148	120	101	151	105	126
142	214	183	136	114	103	209	155	151	127	115	132	139	145	157	121	108	155	106	127
147	224	189	164	115	113	216	169	165	128	117	133	140	146	161	122	118	158	114	128
155	229	190	179	137	129	218	170	166	135	131	134	150	147	184	140	136	168	117	135
159	232	196	190	146	144	227	171	167	139	136	135	157	148	189	162	143	169	123	141
160	233	197	191	148	154	230	172	181	143	149	152	164	150	194	163	149	174	125	142
177	239	201	208	153	159	235	173	195	151	153	165	165	154	195	174	152	194	130	168
195	243	217	209	158	160	237	175	198	170	156	166	166	156	197	179	154	196	137	178
221	244	220	214	180	161	238	182	199	171	176	167	167	163	202	187	159	216	153	184
232	245	221	215	181	162	240	185	204	172	180	182	170	175	222	198	160	228	171	185
253	248	222	222	197	168	242	192	205	173	184	185	177	186	233	199	162	231	172	192
255	262	225	223	203	194	243	202	206	174	207	188	186	188	256	215	164	239	173	201
259	267	226	226	210	204	244	208	207	176	214	190	187	193	264	229	191	240	178	213
260	268	235	228	211	205	245	213	230	177	217	196	200	198	270	231	193	249	200	219
261	276	243	234	212	206	246	217	237	182	220	203	207	199	274	236	200	250	210	220
262	277	244	235	216	221	249	229	238	183	227	210	218	201	276	254	208	251	211	223
264	281	245	252	256	224	250	232	241	219	230	211	219	203	277	276	254	252	212	224
265	285	248	254	258	226	251	236	246	223	234	212	225	204	282	277	257	255	236	227
278	288	253	256	259	228	263	239	247	234	249	215	237	205	283	288	272	258	257	253
279	289	275	267	267	246	270	241	266	241	250	225	238	206	284	289	273	260	261	255
282	290	281	269	268	247	271	242	278	242	251	231	265	209	285	290	274	266	263	257
283	292	286	273	271	248	282	247	291	262	272	240	274	218	295	302	278	269	265	260
284	293	294	287	287	252	283	263	292	275	286	270	279	233	297	305	279	273	266	264
286	297	296	304	301	291	284	271	300	296	299	288	280	258	298	307	281	285	275	297
300	298	300	306	307	301	294	272	303	303	305	289	293	259	304	311	287	298	293	303
306	301	308	310	309	302	296	311	306	309	310	290	311	261	305	312	291	312	294	310
0	0	0	0	0	0	0	0	307	0	0	304	0	308	0	0	0	0	308	0

expected score
1.0	0.598

2.0	0.586

3.0	0.621

4.0	0.579

5.0	0.556

6.0	0.604

7.0	0.591

8.0	0.601

9.0	0.596

10.0	0.584

11.0	0.557

12.0	0.632

13.0	0.622

14.0	0.583

15.0	0.648

16.0	0.604

17.0	0.628

18.0	0.618

19.0	0.625

20.0	0.559

Categorical variables
UNIT
D3	0	0	0	0	0	0	0	0	0	0	0	2	0	0	0	0	0	0	2	2
D8	0	3	0	0	3	0	0	0	0	0	0	0	0	0	0	0	3	0	0	0
D12	0	0	3	0	0	3	0	0	0	0	0	0	0	0	0	0	0	0	3	0
D3b	2	2	0	0	0	0	0	0	0	0	0	0	0	0	0	0	0	2	0	0
D8b	3	0	0	0	0	0	0	0	0	0	0	0	0	0	0	3	0	0	0	3
D12b	0	0	0	0	0	3	0	0	0	0	0	0	3	0	0	0	0	3	0	0
D3c	0	0	0	0	0	0	0	0	2	0	0	0	0	0	2	0	2	0	0	0
D8c	0	0	0	0	0	0	0	0	0	3	3	0	0	0	0	0	3	0	0	0
D12c	0	0	0	0	0	0	0	0	0	0	0	0	0	3	3	0	3	0	0	0
D3d	0	0	0	0	0	0	0	2	0	0	0	0	2	0	0	2	0	0	0	0
D8d	0	0	0	0	0	0	0	0	3	3	0	0	0	0	0	0	0	0	0	3
D12d	3	0	0	0	0	0	0	3	0	0	0	3	0	0	0	0	0	0	0	0
D3e	2	0	0	0	0	2	0	0	0	0	0	0	0	0	0	0	2	0	0	0
D8e	0	0	0	0	0	0	0	0	3	0	0	3	3	0	0	0	0	0	0	0
D12e	0	0	0	0	0	0	0	3	0	3	0	0	0	0	0	0	0	0	3	0
D3f	0	0	0	0	0	0	0	0	2	0	0	0	0	2	0	2	0	0	0	0
D8f	0	0	0	0	0	3	0	0	3	0	0	0	0	3	0	0	0	0	0	0
D12f	0	0	0	0	3	0	0	0	0	0	0	3	0	0	0	0	0	0	3	0
D3g	0	0	0	0	0	0	2	0	2	0	0	0	2	0	0	0	0	0	0	0
D8g	0	3	3	0	0	0	3	0	0	0	0	0	0	0	0	0	0	0	0	0
D12g	0	0	0	0	0	0	3	0	0	0	3	0	0	0	0	0	0	3	0	0
D3h	0	2	0	0	0	0	0	0	0	0	0	0	0	0	2	2	0	0	0	0
D8h	3	0	0	0	0	0	3	0	0	0	0	0	0	0	3	0	0	0	0	0
D12h	0	3	0	0	0	0	0	0	0	0	0	3	0	0	0	3	0	0	0	0

DOMAIN
Numeri	11	12	11	11	12	11	11	12	11	11	11	11	14	11	15	11	11	12	11	16
Dati e previsioni	12	15	14	11	14	16	15	12	11	16	11	17	12	12	11	11	15	11	17	11
Spazio e figure	15	11	13	16	11	11	11	14	17	11	16	11	12	11	11	16	12	15	11	11
Relazioni e funzioni	8	8	8	8	9	8	9	8	8	8	8	8	8	13	9	8	8	8	8	8

DIMENSION
Conoscere	27	26	26	27	26	27	26	26	26	27	27	28	28	29	27	27	28	26	29	28
Risolvere problemi	14	16	14	14	14	14	16	14	15	15	15	14	14	14	14	15	14	14	14	14
Argomentare	5	4	6	5	6	5	4	6	6	4	4	5	4	4	5	4	4	6	4	4

Sum variables

Overlap matrix
	1	2	3	4	5	6	7	8	9	10	11	12	13	14	15	16	17	18	19	20
1	46	5	5	3	2	4	3	6	9	3	1	5	4	4	6	4	7	9	3	9
2	5	46	7	3	7	4	3	5	1	5	3	4	3	4	7	10	6	6	2	5
3	5	7	46	5	2	9	7	3	1	6	6	7	2	8	4	1	3	2	9	5
4	3	3	5	46	5	6	5	4	2	6	6	6	6	3	3	4	10	5	3	6
5	2	7	2	5	46	2	7	4	4	1	5	4	2	7	10	5	7	4	10	2
6	4	4	9	6	2	46	2	3	7	3	5	3	5	7	3	6	5	8	5	4
7	3	3	7	5	7	2	46	5	5	3	7	4	6	4	9	3	2	8	5	4
8	6	5	3	4	4	3	5	46	5	8	3	8	7	3	4	5	3	5	6	5
9	9	1	1	2	4	7	5	5	47	6	4	4	8	7	5	4	7	6	1	7
10	3	5	6	6	1	3	3	8	6	46	9	2	7	3	1	2	5	4	10	7
11	1	3	6	6	5	5	7	3	4	9	46	4	1	6	4	4	6	6	4	6
12	5	4	7	6	4	3	4	8	4	2	4	47	5	5	2	8	3	6	8	6
13	4	3	2	6	2	5	6	7	8	7	1	5	46	6	4	7	5	4	6	2
14	4	4	8	3	7	7	4	3	7	3	6	5	6	47	6	5	8	2	4	2
15	6	7	4	3	10	3	9	4	5	1	4	2	4	6	46	6	6	5	2	3
16	4	10	1	4	5	6	3	5	4	2	4	8	7	5	6	46	2	3	3	8
17	7	6	3	10	7	5	2	3	7	5	6	3	5	8	6	2	46	1	5	1
18	9	6	2	5	4	8	8	5	6	4	6	6	4	2	5	3	1	46	2	4
19	3	2	9	3	10	5	5	6	1	10	4	8	6	4	2	3	5	2	47	6
20	9	5	5	6	2	4	4	5	7	7	6	6	2	2	3	8	1	4	6	46

Item use
1	3.0
2	3.0
3	3.0
4	3.0
5	3.0
6	3.0
7	3.0
8	3.0
9	3.0
10	3.0
11	3.0
12	3.0
13	3.0
14	3.0
15	3.0
16	3.0
17	3.0
18	3.0
19	3.0
20	3.0
21	3.0
22	3.0
23	3.0
24	3.0
25	3.0
26	3.0
27	3.0
28	3.0
29	3.0
30	3.0
31	3.0
32	3.0
33	3.0
34	3.0
35	3.0
36	3.0
37	3.0
38	3.0
39	3.0
40	3.0
41	3.0
42	3.0
43	3.0
44	3.0
45	3.0
46	3.0
47	3.0
48	3.0
49	3.0
50	3.0
51	3.0
52	3.0
53	3.0
54	3.0
55	3.0
56	3.0
57	3.0
58	3.0
59	3.0
60	3.0
61	3.0
62	3.0
63	3.0
64	3.0
65	3.0
66	3.0
67	3.0
68	3.0
69	3.0
70	3.0
71	3.0
72	3.0
73	3.0
74	3.0
75	3.0
76	3.0
77	3.0
78	3.0
79	3.0
80	3.0
81	3.0
82	3.0
83	3.0
84	3.0
85	3.0
86	3.0
87	3.0
88	3.0
89	3.0
90	3.0
91	3.0
92	3.0
93	3.0
94	3.0
95	3.0
96	3.0
97	3.0
98	3.0
99	3.0
100	3.0
101	3.0
102	3.0
103	3.0
104	3.0
105	3.0
106	3.0
107	3.0
108	3.0
109	3.0
110	3.0
111	3.0
112	3.0
113	3.0
114	3.0
115	3.0
116	3.0
117	3.0
118	3.0
119	3.0
120	3.0
121	3.0
122	3.0
123	3.0
124	3.0
125	3.0
126	3.0
127	3.0
128	3.0
129	3.0
130	3.0
131	3.0
132	3.0
133	3.0
134	3.0
135	3.0
136	3.0
137	3.0
138	3.0
139	3.0
140	3.0
141	3.0
142	3.0
143	3.0
144	3.0
145	3.0
146	3.0
147	3.0
148	3.0
149	3.0
150	3.0
151	3.0
152	3.0
153	3.0
154	3.0
155	3.0
156	3.0
157	3.0
158	3.0
159	3.0
160	3.0
161	3.0
162	3.0
163	3.0
164	3.0
165	3.0
166	3.0
167	3.0
168	3.0
169	3.0
170	3.0
171	3.0
172	3.0
173	3.0
174	3.0
175	3.0
176	3.0
177	3.0
178	3.0
179	3.0
180	3.0
181	3.0
182	3.0
183	3.0
184	3.0
185	3.0
186	3.0
187	3.0
188	3.0
189	3.0
190	3.0
191	3.0
192	3.0
193	3.0
194	3.0
195	3.0
196	3.0
197	3.0
198	3.0
199	3.0
200	3.0
201	3.0
202	3.0
203	3.0
204	3.0
205	3.0
206	3.0
207	3.0
208	3.0
209	3.0
210	3.0
211	3.0
212	3.0
213	3.0
214	3.0
215	3.0
216	3.0
217	3.0
218	3.0
219	3.0
220	3.0
221	3.0
222	3.0
223	3.0
224	3.0
225	3.0
226	3.0
227	3.0
228	3.0
229	3.0
230	3.0
231	3.0
232	3.0
233	3.0
234	3.0
235	3.0
236	3.0
237	3.0
238	3.0
239	3.0
240	3.0
241	3.0
242	3.0
243	3.0
244	3.0
245	3.0
246	3.0
247	3.0
248	3.0
249	3.0
250	3.0
251	3.0
252	3.0
253	3.0
254	3.0
255	3.0
256	3.0
257	3.0
258	3.0
259	3.0
260	3.0
261	3.0
262	3.0
263	3.0
264	3.0
265	3.0
266	3.0
267	3.0
270	3.0
271	3.0
272	3.0
273	3.0
274	3.0
275	3.0
276	3.0
277	3.0
278	3.0
279	3.0
281	3.0
282	3.0
283	3.0
284	3.0
285	3.0
286	3.0
287	3.0
288	3.0
289	3.0
290	3.0
291	3.0
293	3.0
294	3.0
296	3.0
297	3.0
298	3.0
300	3.0
301	3.0
303	3.0
304	3.0
305	3.0
306	3.0
307	3.0
308	3.0
310	3.0
311	3.0
268	2.0
269	2.0
292	2.0
302	2.0
309	2.0
312	2.0
280	1.0
295	1.0
299	1.0
