Length
1	2	3	4	5	6	7	8	9	10	11	12	13	14
30	30	30	30	30	30	30	30	30	30	30	30	30	30

design
1	7	17	4	5	3	43	29	4	6	2	21	1	39
3	10	28	10	6	8	44	30	9	19	11	22	2	40
24	13	37	30	7	12	46	31	11	26	12	27	5	45
28	14	47	31	8	15	72	46	13	36	14	33	40	49
32	25	48	33	9	16	73	64	24	41	15	34	41	50
36	26	59	34	16	17	75	77	27	52	51	35	60	53
39	32	70	35	18	18	99	87	29	57	52	37	78	57
56	62	71	47	19	20	100	91	38	61	53	54	79	63
120	74	72	48	20	23	101	102	45	63	54	58	80	65
125	92	81	55	21	42	103	132	84	78	62	61	87	67
135	95	82	58	22	43	131	133	85	79	64	75	88	68
136	117	83	70	23	44	162	135	86	80	65	76	89	69
162	120	89	81	25	49	163	136	96	84	67	77	91	73
163	121	110	82	38	50	164	137	97	85	68	88	105	111
164	132	144	83	42	51	178	138	99	86	76	90	107	126
166	133	192	96	66	55	179	145	100	104	90	102	113	128
167	147	193	97	69	56	182	152	101	115	95	118	115	134
175	148	194	111	74	59	191	153	103	134	98	125	116	137
176	179	198	141	113	60	192	180	104	141	106	156	119	155
177	195	199	150	119	66	193	181	126	146	118	161	139	158
188	218	200	178	121	71	194	182	144	157	129	165	152	173
189	219	209	208	153	98	198	188	158	175	138	166	186	186
204	222	221	217	156	106	199	208	184	176	147	167	187	217
205	251	235	235	170	122	206	216	185	177	148	180	196	244
206	252	236	236	184	142	207	224	213	223	161	201	200	249
207	253	237	237	185	155	221	226	225	246	202	202	223	250
224	255	252	240	197	214	239	227	226	260	203	220	232	262
232	259	253	242	215	231	246	240	227	261	238	256	241	268
254	264	267	259	244	250	273	257	257	263	260	264	262	272
275	269	276	274	266	275	276	272	274	266	261	265	265	273

expected score
Categorical variables
UNIT
S032651	0	0	0	2	0	0	0	2	0	0	0	0	0	0
S032665	0	0	0	3	0	0	0	0	0	0	0	3	0	0
S042049	0	0	2	2	0	0	0	0	0	0	0	0	0	0
S042051	0	0	0	0	0	2	0	0	0	0	0	0	0	2
S042222	0	0	0	0	0	0	0	0	0	3	0	0	3	0
S042228	0	0	3	3	0	0	0	0	0	0	0	0	0	0
S042238	0	0	0	0	0	0	0	0	3	3	0	0	0	0
S042293	0	0	0	2	0	0	0	0	2	0	0	0	0	0
S042300	0	0	0	0	0	0	3	0	3	0	0	0	0	0
S052085	0	2	0	0	0	0	0	2	0	0	0	0	0	0
S052090	2	0	0	0	0	0	0	2	0	0	0	0	0	0
S052112	0	2	0	0	0	0	0	0	0	0	2	0	0	0
S052165	3	0	0	0	0	0	3	0	0	0	0	0	0	0
S052243	3	0	0	0	0	0	0	0	0	3	0	0	0	0
S052263	0	0	0	0	2	0	0	0	2	0	0	0	0	0
S052289	0	0	3	0	0	0	3	0	0	0	0	0	0	0
S052303	0	0	2	0	0	0	2	0	0	0	0	0	0	0
S062024	2	0	0	0	0	0	2	0	0	0	0	0	0	0
S062091	0	0	0	0	0	0	0	2	2	0	0	0	0	0
S062103	1	0	0	0	0	0	0	0	0	0	0	0	1	0
S062116	0	0	3	3	0	0	0	0	0	0	0	0	0	0
S062173	0	2	2	0	0	0	0	0	0	0	0	0	0	0
S062211	0	0	0	0	0	0	0	0	0	2	2	0	0	0

Content_Domain
Biology	11	6	12	9	10	11	16	13	13	8	6	7	17	10
Physics	7	6	7	7	7	7	7	7	7	7	7	7	7	7
Chemistry	7	6	5	7	6	5	2	3	6	9	7	10	4	8
Earth_Science	5	12	6	7	7	7	5	7	4	6	10	6	2	5

Cognitive_Domain
Knowing	14	9	5	5	14	11	10	14	9	11	12	11	13	11
Applying	4	10	13	11	9	15	15	9	13	11	13	10	14	14
Reasoning	12	11	12	14	7	4	5	7	8	8	5	9	3	5

Item_Type
CR	18	10	18	24	9	10	13	10	17	14	11	14	9	18
MC	12	20	12	6	21	20	17	20	13	16	19	16	21	12

Topic
2	9	10	14	10	11	10	11	8	18	13	11	11	12	12
1	16	9	6	8	13	12	14	15	6	12	11	11	15	11
3	4	9	5	5	2	4	4	7	6	4	7	4	3	5
4	1	2	5	4	4	4	1	0	0	1	1	1	0	2
5	0	0	0	3	0	0	0	0	0	0	0	3	0	0

Biology_Knowing
1	8	1	2	0	2	2	5	6	3	3	1	1	5	4
0	22	29	28	30	28	28	25	24	27	27	29	29	25	26

Biology_Applying
0	30	29	26	28	26	23	23	27	23	25	25	27	20	25
1	0	1	4	2	4	7	7	3	7	5	5	3	10	5

Biology_Reasoning
0	27	26	24	23	26	28	26	26	27	30	30	27	28	29
1	3	4	6	7	4	2	4	4	3	0	0	3	2	1

Chemistry_Knowing
0	28	28	28	29	27	27	29	29	29	26	27	27	28	28
1	2	2	2	1	3	3	1	1	1	4	3	3	2	2

Chemistry_Applying
0	28	27	29	27	28	28	29	29	27	28	26	28	29	25
1	2	3	1	3	2	2	1	1	3	2	4	2	1	5

Chemistry_Reasoning
0	27	29	28	27	29	30	30	29	28	27	30	25	29	29
1	3	1	2	3	1	0	0	1	2	3	0	5	1	1

Physics_Knowing
0	28	29	29	28	26	30	27	26	27	29	28	28	26	28
1	2	1	1	2	4	0	3	4	3	1	2	2	4	2

Physics_Applying
0	29	27	27	27	28	25	27	28	29	28	28	26	27	28
1	1	3	3	3	2	5	3	2	1	2	2	4	3	2

Physics_Reasoning
0	26	28	27	28	29	28	29	29	27	26	27	29	30	27
1	4	2	3	2	1	2	1	1	3	4	3	1	0	3

Earth_Knowing
0	28	25	30	28	25	24	29	27	28	27	24	25	28	27
1	2	5	0	2	5	6	1	3	2	3	6	5	2	3

Earth_Applying
0	29	27	25	27	29	29	26	27	28	28	28	29	30	28
1	1	3	5	3	1	1	4	3	2	2	2	1	0	2

Earth_Reasoning
0	28	26	29	28	29	30	30	29	30	29	28	30	30	30
1	2	4	1	2	1	0	0	1	0	1	2	0	0	0

Sum variables

Overlap matrix
	1	2	3	4	5	6	7	8	9	10	11	12	13	14
1	30	2	1	0	0	3	5	4	1	4	0	3	2	1
2	2	30	2	2	4	0	1	2	1	1	5	1	0	0
3	1	2	30	9	0	3	8	0	1	0	0	1	2	0
4	0	2	9	30	0	1	1	4	4	1	0	4	0	2
5	0	4	0	0	30	7	0	1	4	3	0	3	3	2
6	3	0	3	1	7	30	2	0	0	0	5	0	1	4
7	5	1	8	1	0	2	30	2	4	1	0	1	0	2
8	4	2	0	4	1	0	2	30	4	0	2	3	3	2
9	1	1	1	4	4	0	4	4	30	4	1	1	0	3
10	4	1	0	1	3	0	1	0	4	30	3	1	6	3
11	0	5	0	0	0	5	0	2	1	3	30	6	1	4
12	3	1	1	4	3	0	1	3	1	1	6	30	2	0
13	2	0	2	0	3	1	0	3	0	6	1	2	30	3
14	1	0	0	2	2	4	2	2	3	3	4	0	3	30

Item use
1	2.0
2	2.0
3	2.0
4	2.0
5	2.0
6	2.0
7	2.0
8	2.0
9	2.0
10	2.0
11	2.0
12	2.0
13	2.0
14	2.0
15	2.0
16	2.0
17	2.0
18	2.0
19	2.0
20	2.0
21	2.0
22	2.0
23	2.0
24	2.0
25	2.0
26	2.0
27	2.0
28	2.0
29	2.0
30	2.0
31	2.0
32	2.0
33	2.0
34	2.0
35	2.0
36	2.0
37	2.0
38	2.0
39	2.0
40	2.0
41	2.0
42	2.0
43	2.0
44	2.0
45	2.0
46	2.0
47	2.0
48	2.0
49	2.0
50	2.0
51	2.0
52	2.0
53	2.0
54	2.0
55	2.0
56	2.0
57	2.0
58	2.0
59	2.0
60	2.0
61	2.0
62	2.0
63	2.0
64	2.0
65	2.0
66	2.0
67	2.0
68	2.0
69	2.0
70	2.0
71	2.0
72	2.0
73	2.0
74	2.0
75	2.0
76	2.0
77	2.0
78	2.0
79	2.0
80	2.0
81	2.0
82	2.0
83	2.0
84	2.0
85	2.0
86	2.0
87	2.0
88	2.0
89	2.0
90	2.0
91	2.0
95	2.0
96	2.0
97	2.0
98	2.0
99	2.0
100	2.0
101	2.0
102	2.0
103	2.0
104	2.0
106	2.0
111	2.0
113	2.0
115	2.0
118	2.0
119	2.0
120	2.0
121	2.0
125	2.0
126	2.0
132	2.0
133	2.0
134	2.0
135	2.0
136	2.0
137	2.0
138	2.0
141	2.0
144	2.0
147	2.0
148	2.0
152	2.0
153	2.0
155	2.0
156	2.0
158	2.0
161	2.0
162	2.0
163	2.0
164	2.0
166	2.0
167	2.0
175	2.0
176	2.0
177	2.0
178	2.0
179	2.0
180	2.0
182	2.0
184	2.0
185	2.0
186	2.0
188	2.0
192	2.0
193	2.0
194	2.0
198	2.0
199	2.0
200	2.0
202	2.0
206	2.0
207	2.0
208	2.0
217	2.0
221	2.0
223	2.0
224	2.0
226	2.0
227	2.0
232	2.0
235	2.0
236	2.0
237	2.0
240	2.0
244	2.0
246	2.0
250	2.0
252	2.0
253	2.0
257	2.0
259	2.0
260	2.0
261	2.0
262	2.0
264	2.0
265	2.0
266	2.0
272	2.0
273	2.0
274	2.0
275	2.0
276	2.0
92	1.0
105	1.0
107	1.0
110	1.0
116	1.0
117	1.0
122	1.0
128	1.0
129	1.0
131	1.0
139	1.0
142	1.0
145	1.0
146	1.0
150	1.0
157	1.0
165	1.0
170	1.0
173	1.0
181	1.0
187	1.0
189	1.0
191	1.0
195	1.0
196	1.0
197	1.0
201	1.0
203	1.0
204	1.0
205	1.0
209	1.0
213	1.0
214	1.0
215	1.0
216	1.0
218	1.0
219	1.0
220	1.0
222	1.0
225	1.0
231	1.0
238	1.0
239	1.0
241	1.0
242	1.0
249	1.0
251	1.0
254	1.0
255	1.0
256	1.0
263	1.0
267	1.0
268	1.0
269	1.0
93	0.0
94	0.0
108	0.0
109	0.0
112	0.0
114	0.0
123	0.0
124	0.0
127	0.0
130	0.0
140	0.0
143	0.0
149	0.0
151	0.0
154	0.0
159	0.0
160	0.0
168	0.0
169	0.0
171	0.0
172	0.0
174	0.0
183	0.0
190	0.0
210	0.0
211	0.0
212	0.0
228	0.0
229	0.0
230	0.0
233	0.0
234	0.0
243	0.0
245	0.0
247	0.0
248	0.0
258	0.0
270	0.0
271	0.0
