Length
1	2	3	4	5	6	7	8	9	10	11	12	13	14	15
35	34	33	35	35	34	35	35	35	33	35	35	35	32	35

design
10	19	1	1	11	3	2	9	5	12	22	2	16	9	4
19	21	5	3	20	6	10	12	8	16	41	4	25	13	8
29	24	7	6	22	7	11	18	17	24	46	15	28	28	17
39	29	14	14	23	13	15	64	20	26	52	21	30	32	18
53	36	38	26	39	45	27	73	25	49	58	32	31	37	49
67	37	51	30	43	46	52	89	27	50	65	33	43	47	50
70	38	54	31	56	47	60	90	59	84	68	34	44	48	62
72	40	58	33	81	48	63	92	71	85	90	35	53	57	93
102	41	60	34	82	55	66	95	72	86	105	36	61	69	99
105	44	62	35	83	56	74	106	76	91	108	42	64	93	100
112	45	67	40	114	73	77	118	84	98	119	57	77	104	101
118	51	70	42	140	75	78	125	85	102	127	59	96	113	109
125	54	74	68	144	81	79	128	86	103	138	66	97	116	111
130	55	94	88	150	82	80	135	87	120	153	69	99	143	116
132	61	115	91	151	83	109	136	92	124	167	75	100	187	121
133	65	117	111	155	95	114	158	94	147	170	89	101	188	123
137	71	120	128	162	107	117	161	98	148	179	96	106	206	126
146	87	130	134	163	113	119	165	107	154	183	97	112	207	131
147	103	139	141	164	137	121	169	123	201	192	110	122	208	139
148	110	141	146	174	142	131	173	127	211	193	115	124	213	160
154	122	143	166	181	145	152	178	132	216	194	129	134	218	162
158	126	149	175	184	156	153	181	133	218	198	157	142	226	163
159	135	155	176	185	171	160	195	145	221	199	165	144	227	164
172	136	157	177	189	186	168	206	150	223	209	166	149	231	179
178	171	161	202	210	190	180	207	170	225	210	182	156	239	191
188	180	168	208	215	195	186	219	197	240	220	187	159	240	209
190	205	169	221	230	213	192	220	200	244	228	202	167	245	214
191	233	198	224	234	214	193	222	201	249	231	212	182	248	217
196	241	199	226	238	219	194	232	217	259	232	216	204	250	225
203	256	205	227	247	230	200	245	235	260	234	257	223	264	229
211	260	233	241	255	243	203	252	236	261	239	259	229	265	235
212	261	246	242	258	252	204	253	237	267	247	271	242	272	236
215	265	266	244	262	253	224	271	256	273	250	272	243	0	237
264	270	0	268	266	255	246	275	275	0	254	273	251	0	263
274	0	0	269	270	0	263	276	276	0	258	274	267	0	269

expected score
Categorical variables
UNIT
S032651	0	0	0	2	0	0	0	0	0	0	0	0	2	0	0
S032665	0	0	0	3	0	0	0	0	0	0	0	3	0	0	0
S042049	0	0	0	0	0	2	0	0	0	0	0	0	0	2	0
S042051	0	0	0	0	0	0	0	0	0	2	0	0	0	0	2
S042222	0	0	0	0	0	0	3	0	0	0	0	0	0	0	0
S042228	0	0	0	0	3	3	0	0	0	0	0	0	0	0	0
S042238	0	0	0	0	0	0	0	0	3	3	0	0	0	0	0
S042293	0	0	0	0	0	0	0	0	0	0	0	2	2	0	0
S042300	0	0	0	0	0	0	0	0	0	0	0	0	3	0	3
S052085	2	0	0	0	0	0	0	0	2	0	0	0	0	0	0
S052090	0	2	0	0	0	0	0	2	0	0	0	0	0	0	0
S052112	2	0	0	0	0	0	0	0	0	2	0	0	0	0	0
S052165	0	0	0	0	3	0	0	0	0	0	0	0	0	0	3
S052243	0	0	0	3	0	0	0	0	0	0	0	0	0	0	0
S052263	0	0	0	0	2	0	0	0	0	0	0	0	0	0	0
S052289	0	0	0	0	0	0	3	0	0	0	3	0	0	0	0
S052303	0	0	2	0	0	0	0	0	0	0	2	0	0	0	0
S062024	0	0	0	0	0	0	0	2	0	0	0	0	0	2	0
S062091	0	0	0	2	0	0	0	0	0	0	0	0	0	2	0
S062103	0	0	0	0	0	0	0	1	0	0	1	0	0	0	0
S062116	0	0	0	0	0	0	0	0	3	0	0	0	0	0	3
S062173	0	0	0	0	0	2	0	2	0	0	0	0	0	0	0
S062211	0	2	0	0	0	0	0	0	0	2	0	0	0	0	0

Content_Domain
Biology	10	13	12	13	14	9	9	9	11	9	15	9	10	11	13
Physics	8	7	9	10	9	10	9	10	11	10	8	12	8	9	8
Chemistry	10	7	6	5	7	8	9	8	8	8	5	7	8	5	8
Earth_Science	7	7	6	7	5	7	8	8	5	6	7	7	9	7	6

Cognitive_Domain
Knowing	14	15	13	12	13	12	14	15	12	10	9	13	13	10	10
Applying	13	11	13	11	14	13	17	11	12	11	18	13	15	14	16
Reasoning	8	8	7	12	8	9	4	9	11	12	8	9	7	8	9

Item_Type
CR	16	13	12	21	16	16	9	10	18	19	13	18	16	15	21
MC	19	21	21	14	19	18	26	25	17	14	22	17	19	17	14

Topic
2	18	17	11	12	16	12	11	14	14	16	11	10	15	10	12
1	15	12	15	14	14	14	17	14	11	5	19	13	11	13	12
3	2	5	6	6	2	6	5	7	4	9	3	7	6	6	6
4	0	0	1	0	3	2	2	0	6	3	2	2	3	3	5
5	0	0	0	3	0	0	0	0	0	0	0	3	0	0	0

Biology_Knowing
1	4	7	5	5	5	3	3	6	3	2	3	3	3	2	2
0	31	27	28	30	30	31	32	29	32	31	32	32	32	30	33

Biology_Applying
0	33	29	29	32	28	31	30	33	33	30	26	33	30	26	28
1	2	5	4	3	7	3	5	2	2	3	9	2	5	6	7

Biology_Reasoning
0	31	33	30	30	33	31	34	34	29	29	32	31	33	29	31
1	4	1	3	5	2	3	1	1	6	4	3	4	2	3	4

Chemistry_Knowing
0	31	32	30	33	33	30	30	33	32	31	33	33	31	30	33
1	4	2	3	2	2	4	5	2	3	2	2	2	4	2	2

Chemistry_Applying
0	31	32	31	33	32	32	32	33	31	30	33	32	33	30	30
1	4	2	2	2	3	2	3	2	4	3	2	3	2	2	5

Chemistry_Reasoning
0	33	31	32	34	33	32	34	31	34	30	34	33	33	31	34
1	2	3	1	1	2	2	1	4	1	3	1	2	2	1	1

Physics_Knowing
0	33	32	31	33	31	32	32	33	31	29	33	31	33	29	32
1	2	2	2	2	4	2	3	2	4	4	2	4	2	3	3

Physics_Applying
0	30	32	28	32	33	29	30	30	31	30	32	29	31	28	33
1	5	2	5	3	2	5	5	5	4	3	3	6	4	4	2

Physics_Reasoning
0	34	31	31	30	32	31	34	32	32	30	32	33	33	30	32
1	1	3	2	5	3	3	1	3	3	3	3	2	2	2	3

Earth_Knowing
0	31	30	30	32	33	31	32	30	33	31	33	31	31	29	32
1	4	4	3	3	2	3	3	5	2	2	2	4	4	3	3

Earth_Applying
0	33	32	31	32	33	31	31	33	33	31	31	33	31	30	33
1	2	2	2	3	2	3	4	2	2	2	4	2	4	2	2

Earth_Reasoning
0	34	33	32	34	34	33	34	34	34	31	34	34	34	30	34
1	1	1	1	1	1	1	1	1	1	2	1	1	1	2	1

Sum variables

Overlap matrix
	1	2	3	4	5	6	7	8	9	10	11	12	13	14	15
1	35	2	3	1	2	2	2	4	3	5	1	2	3	2	1
2	2	34	5	2	1	3	1	2	3	4	2	3	3	2	1
3	3	5	33	3	2	1	5	2	2	1	3	2	1	1	2
4	1	2	3	35	0	2	1	1	0	4	1	6	4	3	2
5	2	1	2	0	35	6	2	1	2	0	5	0	2	0	3
6	2	3	1	2	6	34	1	6	2	0	1	1	3	5	1
7	2	1	5	1	2	1	35	0	2	0	6	3	2	0	5
8	4	2	2	1	1	6	0	35	3	1	3	3	2	4	1
9	3	3	2	0	2	2	2	3	35	5	2	1	1	0	7
10	5	4	1	4	0	0	0	1	5	33	0	3	4	2	3
11	1	2	3	1	5	1	6	3	2	0	35	0	1	3	2
12	2	3	2	6	0	1	3	3	1	3	0	35	3	5	1
13	3	3	1	4	2	3	2	2	1	4	1	3	35	1	4
14	2	2	1	3	0	5	0	4	0	2	3	5	1	32	2
15	1	1	2	2	3	1	5	1	7	3	2	1	4	2	35

Item use
1	2.0
2	2.0
3	2.0
4	2.0
5	2.0
6	2.0
7	2.0
8	2.0
9	2.0
10	2.0
11	2.0
12	2.0
13	2.0
14	2.0
15	2.0
16	2.0
17	2.0
18	2.0
19	2.0
20	2.0
21	2.0
22	2.0
24	2.0
25	2.0
26	2.0
27	2.0
28	2.0
29	2.0
30	2.0
31	2.0
32	2.0
33	2.0
34	2.0
35	2.0
36	2.0
37	2.0
38	2.0
39	2.0
40	2.0
41	2.0
42	2.0
43	2.0
44	2.0
45	2.0
46	2.0
47	2.0
48	2.0
49	2.0
50	2.0
51	2.0
52	2.0
53	2.0
54	2.0
55	2.0
56	2.0
57	2.0
58	2.0
59	2.0
60	2.0
61	2.0
62	2.0
64	2.0
65	2.0
66	2.0
67	2.0
68	2.0
69	2.0
70	2.0
71	2.0
72	2.0
73	2.0
74	2.0
75	2.0
77	2.0
81	2.0
82	2.0
83	2.0
84	2.0
85	2.0
86	2.0
87	2.0
89	2.0
90	2.0
91	2.0
92	2.0
93	2.0
94	2.0
95	2.0
96	2.0
97	2.0
98	2.0
99	2.0
100	2.0
101	2.0
102	2.0
103	2.0
105	2.0
106	2.0
107	2.0
109	2.0
110	2.0
111	2.0
112	2.0
113	2.0
114	2.0
115	2.0
116	2.0
117	2.0
118	2.0
119	2.0
120	2.0
121	2.0
122	2.0
123	2.0
124	2.0
125	2.0
126	2.0
127	2.0
128	2.0
130	2.0
131	2.0
132	2.0
133	2.0
134	2.0
135	2.0
136	2.0
137	2.0
139	2.0
141	2.0
142	2.0
143	2.0
144	2.0
145	2.0
146	2.0
147	2.0
148	2.0
149	2.0
150	2.0
153	2.0
154	2.0
155	2.0
156	2.0
157	2.0
158	2.0
159	2.0
160	2.0
161	2.0
162	2.0
163	2.0
164	2.0
165	2.0
166	2.0
167	2.0
168	2.0
169	2.0
170	2.0
171	2.0
178	2.0
179	2.0
180	2.0
181	2.0
182	2.0
186	2.0
187	2.0
188	2.0
190	2.0
191	2.0
192	2.0
193	2.0
194	2.0
195	2.0
198	2.0
199	2.0
200	2.0
201	2.0
202	2.0
203	2.0
204	2.0
205	2.0
206	2.0
207	2.0
208	2.0
209	2.0
210	2.0
211	2.0
212	2.0
213	2.0
214	2.0
215	2.0
216	2.0
217	2.0
218	2.0
219	2.0
220	2.0
221	2.0
223	2.0
224	2.0
225	2.0
226	2.0
227	2.0
229	2.0
230	2.0
231	2.0
232	2.0
233	2.0
234	2.0
235	2.0
236	2.0
237	2.0
239	2.0
240	2.0
241	2.0
242	2.0
243	2.0
244	2.0
245	2.0
246	2.0
247	2.0
250	2.0
252	2.0
253	2.0
255	2.0
256	2.0
258	2.0
259	2.0
260	2.0
261	2.0
263	2.0
264	2.0
265	2.0
266	2.0
267	2.0
269	2.0
270	2.0
271	2.0
272	2.0
273	2.0
274	2.0
275	2.0
276	2.0
23	1.0
63	1.0
76	1.0
78	1.0
79	1.0
80	1.0
88	1.0
104	1.0
108	1.0
129	1.0
138	1.0
140	1.0
151	1.0
152	1.0
172	1.0
173	1.0
174	1.0
175	1.0
176	1.0
177	1.0
183	1.0
184	1.0
185	1.0
189	1.0
196	1.0
197	1.0
222	1.0
228	1.0
238	1.0
248	1.0
249	1.0
251	1.0
254	1.0
257	1.0
262	1.0
268	1.0
