Length
1	2	3	4	5	6	7	8	9	10	11	12	13	14	15	16	17	18	19	20
40	40	39	40	40	39	40	40	40	39	40	40	39	39	39	40	40	39	39	40

design
1	7	8	2	5	12	5	9	12	7	1	8	16	2	10	8	1	7	7	2
6	19	15	11	13	14	21	13	13	8	11	14	26	15	30	14	6	25	24	6
9	21	20	15	23	17	33	16	25	12	13	30	43	18	32	20	9	27	39	11
19	29	21	18	30	24	36	19	26	22	25	61	49	24	36	22	14	30	52	16
24	31	23	21	32	40	45	20	31	26	37	68	50	27	40	35	17	34	54	17
26	34	27	65	34	48	60	23	48	35	40	83	57	38	52	50	19	35	67	18
28	39	28	73	41	51	68	36	51	39	53	94	58	97	57	52	28	36	76	31
33	45	44	74	44	59	71	39	57	52	61	97	65	116	58	58	43	51	77	47
47	53	45	76	47	62	75	44	59	69	62	100	73	119	61	67	55	54	85	55
53	75	62	77	84	64	77	48	67	76	84	101	74	138	75	69	63	55	89	56
55	83	63	81	86	66	85	54	92	82	110	102	79	139	79	73	68	64	96	58
59	97	64	85	89	84	87	64	94	93	123	109	81	156	80	79	81	65	107	59
63	110	66	116	92	96	105	69	96	94	134	112	86	159	98	83	82	67	111	75
66	118	82	117	93	100	106	73	98	124	139	113	92	176	101	88	92	72	113	79
69	128	94	118	105	108	108	80	105	127	140	115	96	179	122	98	93	83	114	80
71	130	127	119	111	109	134	100	111	142	141	116	102	183	126	101	107	121	118	98
80	138	140	146	115	115	153	117	112	149	142	131	121	188	129	104	122	149	122	110
84	140	150	150	116	125	160	126	151	154	151	133	130	189	130	105	125	158	126	113
87	141	151	152	128	129	161	129	163	158	156	142	146	202	146	109	128	161	127	114
89	145	152	154	131	133	165	130	167	159	172	153	153	203	153	117	131	169	131	119
91	160	161	156	133	138	173	165	168	161	173	159	154	209	164	118	133	177	132	124
112	169	164	171	145	140	200	174	172	166	175	160	156	212	187	141	139	179	167	125
124	184	166	177	149	167	201	178	176	179	181	178	164	215	190	163	152	180	175	150
155	186	172	178	158	169	210	181	177	183	200	190	167	218	191	174	159	184	186	175
163	189	174	198	168	178	213	193	183	190	213	194	168	244	193	176	168	188	202	182
166	196	179	208	173	187	219	196	185	204	214	198	181	249	194	180	172	189	203	183
175	199	186	210	182	191	230	215	191	211	215	199	184	251	206	197	194	190	205	189
181	202	204	214	198	193	233	216	204	221	223	202	199	256	208	218	196	197	210	211
185	207	207	216	203	196	234	233	205	224	228	230	205	273	214	220	208	206	218	222
188	212	211	217	207	198	236	244	222	236	231	231	216	281	217	223	227	217	219	228
194	231	241	219	209	205	241	245	226	248	234	242	222	282	223	234	230	234	220	248
203	243	244	252	212	232	246	249	227	251	238	251	226	284	245	241	237	236	221	249
206	250	247	257	215	247	247	255	228	260	241	253	233	287	254	243	247	237	238	250
207	253	252	265	236	259	257	264	237	266	246	270	238	289	265	246	252	243	245	252
220	258	255	269	261	260	263	269	250	272	257	271	254	294	266	248	257	254	274	253
221	259	263	281	264	264	271	287	258	278	259	273	255	295	272	260	271	261	275	258
224	270	288	290	266	276	274	289	277	280	265	280	256	296	273	262	281	262	276	265
242	272	299	294	280	282	275	293	283	297	276	290	269	297	277	270	288	275	283	274
269	287	300	295	287	284	283	296	284	299	281	294	297	299	293	273	292	282	293	280
288	289	0	299	297	0	284	300	292	0	286	300	0	0	0	277	296	0	0	292

expected score
1.0	0.383	0.504	0.624

2.0	0.389	0.511	0.631

3.0	0.408	0.529	0.649

4.0	0.381	0.504	0.626

5.0	0.383	0.504	0.624

6.0	0.36	0.481	0.603

7.0	0.371	0.489	0.608

8.0	0.376	0.496	0.616

9.0	0.397	0.515	0.632

10.0	0.385	0.509	0.632

11.0	0.413	0.534	0.652

12.0	0.377	0.497	0.618

13.0	0.395	0.515	0.636

14.0	0.37	0.493	0.616

15.0	0.4	0.521	0.642

16.0	0.399	0.519	0.639

17.0	0.39	0.507	0.623

18.0	0.371	0.496	0.622

19.0	0.393	0.514	0.635

20.0	0.386	0.508	0.63

Categorical variables
Unit
U12	0	0	0	3	0	0	0	0	0	0	0	0	0	3	0	0	0	0	0	3
U10	0	0	2	0	2	0	0	2	0	0	0	0	0	0	0	0	0	0	0	0
U5	3	0	3	0	0	0	0	0	0	0	0	0	0	0	0	0	3	0	0	0
U4	0	3	0	0	0	0	0	0	3	0	0	0	0	0	0	0	0	0	0	3
U11	3	0	0	0	0	0	3	0	0	0	0	0	0	0	0	0	0	0	0	0
U8	0	0	0	0	0	0	3	0	0	0	0	3	0	0	0	0	3	0	0	0
U2	0	0	0	0	0	0	0	0	0	0	0	0	0	0	0	0	0	0	0	0
U1	0	0	0	3	0	0	3	0	0	0	0	0	0	0	0	0	0	0	3	0
U3	0	0	0	0	0	3	0	0	3	0	0	0	3	0	0	0	0	0	3	0
U9	0	0	0	0	0	0	0	3	0	0	0	0	0	0	3	0	0	0	3	0
U6	0	0	0	0	0	0	3	0	0	0	3	0	0	0	0	0	0	0	0	0
U7	0	0	0	0	0	0	0	0	0	0	0	0	0	0	0	3	0	3	0	0

Domain
Numbers	10	10	10	10	10	10	10	10	10	10	10	10	10	10	10	10	10	10	10	10
Space and Figures	10	10	10	10	10	10	10	10	10	10	10	10	10	10	10	10	10	10	10	10
Data and Forecasting	10	10	10	10	10	10	10	10	10	10	10	10	10	10	10	10	10	10	10	10
Relations and Functions	10	10	9	10	10	9	10	10	10	9	10	10	9	9	9	10	10	9	9	10

Dimension
Knowing	29	31	24	27	26	25	27	28	25	25	23	31	23	26	25	26	28	21	24	29
Problem Solving	8	7	8	10	10	7	11	9	5	8	14	6	8	10	9	9	4	14	10	6
Arguing	3	2	7	3	4	7	2	3	10	6	3	3	8	3	5	5	8	4	5	5

Answer_type
Multiple-Choice	28	27	27	28	28	27	28	28	27	27	27	27	27	27	27	27	27	27	27	27
Matching	8	9	8	8	8	8	8	8	8	8	8	9	8	8	8	9	8	8	8	8
Open-Ended	4	4	4	4	4	4	4	4	5	4	5	4	4	4	4	4	5	4	4	5

Sum variables

Overlap matrix
	1	2	3	4	5	6	7	8	9	10	11	12	13	14	15	16	17	18	19	20
1	40	3	6	1	5	4	3	6	5	6	5	3	3	3	3	3	9	3	6	7
2	3	40	5	2	6	5	4	6	3	3	6	8	3	7	3	5	3	7	5	7
3	6	5	39	6	3	5	6	8	4	10	5	3	2	5	1	4	8	4	2	3
4	1	2	6	40	2	2	6	5	1	3	6	5	9	10	5	3	6	3	6	7
5	5	6	3	2	40	5	4	6	5	7	4	7	4	7	3	1	6	6	4	3
6	4	5	5	2	5	39	3	8	9	2	6	7	3	4	5	3	6	4	5	3
7	3	4	6	6	4	3	40	3	3	2	8	5	2	1	3	4	5	5	7	2
8	6	6	8	5	6	8	3	40	2	2	3	3	8	6	8	5	4	3	5	3
9	5	3	4	1	5	9	3	2	40	5	5	2	9	3	4	6	6	5	6	9
10	6	3	10	3	7	2	2	2	5	39	1	7	3	6	4	7	3	8	6	5
11	5	6	5	6	4	6	8	3	5	1	40	3	3	4	5	5	5	2	3	5
12	3	8	3	5	7	7	5	3	2	7	3	40	3	7	7	7	8	3	3	3
13	3	3	2	9	4	3	2	8	9	3	3	3	39	3	8	4	4	4	4	4
14	3	7	5	10	7	4	1	6	3	6	4	7	3	39	1	3	4	5	4	6
15	3	3	1	5	3	5	3	8	4	4	5	7	8	1	39	8	3	6	5	6
16	3	5	4	3	1	3	4	5	6	7	5	7	4	3	8	40	1	8	5	4
17	9	3	8	6	6	6	5	4	6	3	5	8	4	4	3	1	40	2	3	6
18	3	7	4	3	6	4	5	3	5	8	2	3	4	5	6	8	2	39	4	2
19	6	5	2	6	4	5	7	5	6	6	3	3	4	4	5	5	3	4	39	4
20	7	7	3	7	3	3	2	3	9	5	5	3	4	6	6	4	6	2	4	40

Item use
7	4.0
8	4.0
13	4.0
14	4.0
19	4.0
21	4.0
24	4.0
26	4.0
30	4.0
36	4.0
39	4.0
52	4.0
55	4.0
58	4.0
59	4.0
64	4.0
67	4.0
69	4.0
73	4.0
75	4.0
79	4.0
80	4.0
83	4.0
84	4.0
92	4.0
94	4.0
96	4.0
98	4.0
105	4.0
116	4.0
118	4.0
130	4.0
131	4.0
133	4.0
140	4.0
153	4.0
156	4.0
159	4.0
161	4.0
167	4.0
168	4.0
172	4.0
175	4.0
178	4.0
179	4.0
181	4.0
183	4.0
189	4.0
190	4.0
194	4.0
196	4.0
198	4.0
202	4.0
203	4.0
205	4.0
207	4.0
215	4.0
234	4.0
236	4.0
241	4.0
247	4.0
252	4.0
257	4.0
265	4.0
269	4.0
273	4.0
280	4.0
281	4.0
284	4.0
287	4.0
297	4.0
299	4.0
1	3.0
2	3.0
6	3.0
9	3.0
11	3.0
12	3.0
15	3.0
16	3.0
17	3.0
18	3.0
20	3.0
23	3.0
25	3.0
27	3.0
28	3.0
31	3.0
34	3.0
35	3.0
40	3.0
44	3.0
45	3.0
47	3.0
48	3.0
51	3.0
53	3.0
54	3.0
57	3.0
61	3.0
62	3.0
63	3.0
65	3.0
66	3.0
68	3.0
76	3.0
77	3.0
81	3.0
82	3.0
85	3.0
89	3.0
93	3.0
97	3.0
100	3.0
101	3.0
109	3.0
110	3.0
111	3.0
112	3.0
113	3.0
115	3.0
117	3.0
119	3.0
122	3.0
124	3.0
125	3.0
126	3.0
127	3.0
128	3.0
129	3.0
138	3.0
139	3.0
141	3.0
142	3.0
146	3.0
149	3.0
150	3.0
151	3.0
152	3.0
154	3.0
158	3.0
160	3.0
163	3.0
164	3.0
166	3.0
169	3.0
173	3.0
174	3.0
176	3.0
177	3.0
184	3.0
186	3.0
188	3.0
191	3.0
193	3.0
199	3.0
204	3.0
206	3.0
208	3.0
210	3.0
211	3.0
212	3.0
214	3.0
216	3.0
217	3.0
218	3.0
219	3.0
220	3.0
221	3.0
222	3.0
223	3.0
228	3.0
230	3.0
231	3.0
233	3.0
237	3.0
238	3.0
243	3.0
244	3.0
245	3.0
246	3.0
248	3.0
249	3.0
250	3.0
251	3.0
253	3.0
254	3.0
255	3.0
258	3.0
259	3.0
260	3.0
264	3.0
266	3.0
270	3.0
271	3.0
272	3.0
274	3.0
275	3.0
276	3.0
277	3.0
282	3.0
283	3.0
288	3.0
289	3.0
292	3.0
293	3.0
294	3.0
296	3.0
300	3.0
5	2.0
22	2.0
32	2.0
33	2.0
43	2.0
50	2.0
71	2.0
74	2.0
86	2.0
87	2.0
102	2.0
107	2.0
108	2.0
114	2.0
121	2.0
134	2.0
145	2.0
165	2.0
180	2.0
182	2.0
185	2.0
187	2.0
197	2.0
200	2.0
209	2.0
213	2.0
224	2.0
226	2.0
227	2.0
242	2.0
256	2.0
261	2.0
262	2.0
263	2.0
290	2.0
295	2.0
10	1.0
29	1.0
37	1.0
38	1.0
41	1.0
49	1.0
56	1.0
60	1.0
72	1.0
88	1.0
91	1.0
104	1.0
106	1.0
123	1.0
132	1.0
155	1.0
171	1.0
201	1.0
232	1.0
278	1.0
286	1.0
3	0.0
4	0.0
42	0.0
46	0.0
70	0.0
78	0.0
90	0.0
95	0.0
99	0.0
103	0.0
120	0.0
135	0.0
136	0.0
137	0.0
143	0.0
144	0.0
147	0.0
148	0.0
157	0.0
162	0.0
170	0.0
192	0.0
195	0.0
225	0.0
229	0.0
235	0.0
239	0.0
240	0.0
267	0.0
268	0.0
279	0.0
285	0.0
291	0.0
298	0.0
