Length
1	2	3	4	5	6	7	8	9	10	11	12	13	14	15	16	17	18	19	20
40	40	40	40	40	39	40	40	39	39	40	39	39	39	39	39	39	39	39	40

design
2	11	19	7	6	1	6	6	1	1	12	23	9	2	13	2	7	14	9	5
3	20	22	47	12	5	8	8	9	7	19	25	13	18	21	8	15	17	11	23
7	26	26	49	24	11	11	13	13	17	30	33	14	22	25	10	21	19	15	30
8	38	27	50	25	21	12	15	14	22	37	38	16	32	26	14	30	23	20	31
18	39	32	51	36	26	24	19	16	34	40	44	17	36	28	16	31	24	28	39
21	45	47	59	50	35	35	39	20	35	50	62	40	61	34	18	47	27	30	43
24	54	48	75	55	43	46	42	31	36	54	71	45	86	36	29	58	44	41	44
29	68	51	76	59	53	49	49	51	53	59	73	56	92	40	39	62	57	53	45
33	75	52	83	80	65	54	57	67	65	69	75	58	116	63	52	74	58	57	67
38	80	56	97	84	66	55	61	80	66	74	79	65	119	67	56	79	59	58	77
64	94	64	105	86	76	74	64	94	73	77	87	69	127	73	62	90	96	63	83
66	98	75	114	89	81	77	80	134	86	85	92	81	131	93	64	112	113	69	85
67	100	94	115	102	83	79	81	140	93	92	98	84	146	96	73	116	114	89	96
68	102	101	129	105	92	83	89	149	98	101	100	93	152	97	79	117	121	96	109
69	106	105	139	117	120	85	104	150	102	120	105	98	153	108	84	118	122	101	111
71	121	106	161	118	128	94	106	153	107	126	108	111	178	110	110	121	129	109	115
76	124	113	169	128	130	100	108	154	110	127	133	118	182	113	112	138	139	118	126
84	127	116	173	129	141	104	112	156	111	139	134	133	191	125	119	154	140	127	165
87	130	150	176	131	151	131	117	166	114	140	138	146	199	141	124	159	162	128	167
104	142	152	183	160	156	133	122	176	120	161	145	149	211	142	125	163	163	133	168
115	156	153	189	172	158	140	124	182	125	164	146	150	215	167	130	186	167	134	174
119	161	154	190	174	168	151	130	195	138	166	151	159	226	179	141	187	168	167	181
122	164	158	194	177	176	155	145	199	148	169	173	180	233	183	142	196	178	173	183
131	181	160	196	178	188	172	158	200	153	179	175	197	241	185	145	219	180	177	189
135	196	172	202	183	190	174	161	213	172	184	177	202	243	186	149	223	184	181	198
152	218	175	214	207	192	175	165	214	175	185	180	207	246	189	156	234	191	190	201
159	220	188	215	209	193	191	166	215	179	188	197	209	257	205	159	237	197	199	205
164	224	193	217	238	194	193	168	219	186	194	200	214	269	212	164	241	198	200	210
169	228	198	218	243	212	201	178	231	189	203	213	217	270	216	179	250	205	203	220
202	230	202	228	251	216	207	187	232	196	210	236	229	272	226	181	251	208	205	222
208	238	206	229	254	222	210	190	241	204	224	241	253	277	236	206	254	209	211	228
216	248	207	237	257	231	221	194	244	219	227	244	255	278	243	215	258	221	213	245
225	249	208	248	264	234	246	206	247	226	233	260	257	279	244	217	264	231	229	249
230	252	222	256	265	246	249	212	250	234	237	262	261	281	251	218	279	261	259	250
232	270	223	257	273	256	252	224	252	236	245	273	262	284	261	233	287	262	274	258
235	271	236	269	274	259	253	234	258	252	247	283	265	292	270	253	289	265	280	264
256	276	240	272	275	266	255	260	281	269	255	284	266	294	273	254	294	276	281	274
271	284	280	277	292	285	265	275	287	275	266	290	269	297	280	260	296	284	288	291
272	299	282	283	294	297	273	287	290	277	280	297	281	299	288	283	299	299	289	293
287	300	289	297	300	0	285	290	0	0	293	0	0	0	0	0	0	0	0	300

expected score
1.0	0.376	0.496	0.615

2.0	0.367	0.485	0.605

3.0	0.395	0.515	0.635

4.0	0.38	0.5	0.62

5.0	0.38	0.499	0.619

6.0	0.384	0.504	0.626

7.0	0.402	0.521	0.64

8.0	0.389	0.51	0.631

9.0	0.393	0.516	0.639

10.0	0.401	0.519	0.638

11.0	0.393	0.51	0.627

12.0	0.378	0.501	0.624

13.0	0.396	0.519	0.641

14.0	0.38	0.501	0.622

15.0	0.382	0.505	0.628

16.0	0.367	0.488	0.61

17.0	0.37	0.49	0.612

18.0	0.372	0.493	0.615

19.0	0.376	0.499	0.62

20.0	0.383	0.502	0.622

Categorical variables
Unit
U12	3	0	0	0	0	0	0	0	0	0	0	0	0	3	0	3	0	0	0	0
U10	0	0	0	0	0	0	0	0	0	0	0	2	0	0	0	0	0	2	0	2
U5	0	0	0	0	0	0	0	0	0	0	0	0	0	0	3	0	0	0	3	0
U4	0	0	0	0	0	0	0	0	3	0	0	0	0	0	0	0	3	0	0	3
U11	3	0	0	0	0	0	0	0	0	0	0	3	0	0	0	0	0	0	0	0
U8	3	3	0	0	0	0	0	0	0	0	0	0	0	0	0	0	0	0	0	0
U2	0	0	0	0	0	0	0	0	0	0	0	0	0	0	0	0	0	0	0	0
U1	0	0	0	0	0	0	3	0	0	0	3	0	0	0	0	0	0	0	0	3
U3	0	0	0	0	0	0	0	0	0	0	0	0	0	0	3	0	0	3	3	3
U9	0	0	0	0	0	0	0	0	0	0	3	0	0	0	0	0	0	0	0	3
U6	0	0	0	0	0	0	0	0	3	0	0	3	0	0	0	0	0	0	3	0
U7	0	0	0	0	0	0	0	0	0	0	0	3	3	0	0	0	0	3	0	0

Domain
Numbers	10	10	10	10	10	10	10	10	10	10	10	10	10	10	10	9	10	10	10	10
Space and Figures	10	10	10	10	10	10	10	10	10	10	10	10	10	10	10	10	10	10	10	10
Data and Forecasting	10	10	10	10	10	10	10	10	9	10	10	10	10	10	10	10	10	10	10	10
Relations and Functions	10	10	10	10	10	9	10	10	10	9	10	9	9	9	9	10	9	9	9	10

Dimension
Knowing	24	25	26	25	25	26	25	26	25	26	25	24	26	26	26	26	26	25	23	26
Problem Solving	12	8	8	11	8	11	9	8	9	9	9	10	10	7	9	11	8	9	9	8
Arguing	4	7	6	4	7	2	6	6	5	4	6	5	3	6	4	2	5	5	7	6

Answer_type
Multiple-Choice	27	28	27	28	27	27	28	28	27	27	28	27	27	27	27	27	27	27	27	27
Matching	8	8	8	8	8	8	8	8	8	8	8	8	8	8	8	8	8	8	8	8
Open-Ended	5	4	5	4	5	4	4	4	4	4	4	4	4	4	4	4	4	4	4	5

Sum variables

Overlap matrix
	1	2	3	4	5	6	7	8	9	10	11	12	13	14	15	16	17	18	19	20
1	40	5	4	7	3	5	4	5	3	2	3	4	4	6	3	9	4	3	1	2
2	5	40	4	6	4	4	6	7	5	4	5	5	2	4	3	8	3	4	4	7
3	4	4	40	5	4	5	5	5	5	5	4	4	4	5	4	4	5	5	3	2
4	7	6	5	40	6	7	2	4	4	6	7	5	6	6	3	4	4	4	3	5
5	3	4	4	6	40	1	10	6	1	5	3	4	6	8	6	2	6	6	5	5
6	5	4	5	7	1	39	7	8	4	7	5	3	3	3	5	3	2	2	5	5
7	4	6	5	2	10	7	40	4	3	4	8	6	5	3	1	3	2	5	2	7
8	5	7	5	4	6	8	4	40	5	2	5	4	2	2	3	9	6	5	4	3
9	3	5	5	4	1	4	3	5	39	4	3	6	8	6	3	5	7	3	7	4
10	2	4	5	6	5	7	4	2	4	39	2	5	6	7	11	4	6	2	1	2
11	3	5	4	7	3	5	8	5	3	2	40	1	4	3	4	3	3	5	6	7
12	4	5	4	5	4	3	6	4	6	5	1	39	6	5	6	6	4	6	6	2
13	4	2	4	6	6	3	5	2	8	6	4	6	39	4	4	8	3	9	7	2
14	6	4	5	6	8	3	3	2	6	7	3	5	4	39	4	5	5	4	4	0
15	3	3	4	3	6	5	1	3	3	11	4	6	4	4	39	6	3	5	7	6
16	9	8	4	4	2	3	3	9	5	4	3	6	8	5	6	39	5	1	1	2
17	4	3	5	4	6	2	2	6	7	6	3	4	3	5	3	5	39	4	5	5
18	3	4	5	4	6	2	5	5	3	2	5	6	9	4	5	1	4	39	5	7
19	1	4	3	3	5	5	2	4	7	1	6	6	7	4	7	1	5	5	39	7
20	2	7	2	5	5	5	7	3	4	2	7	2	2	0	6	2	5	7	7	40

Item use
7	4.0
8	4.0
11	4.0
13	4.0
14	4.0
19	4.0
21	4.0
24	4.0
26	4.0
30	4.0
36	4.0
39	4.0
58	4.0
59	4.0
64	4.0
67	4.0
69	4.0
73	4.0
75	4.0
79	4.0
80	4.0
83	4.0
84	4.0
92	4.0
94	4.0
96	4.0
98	4.0
105	4.0
118	4.0
127	4.0
130	4.0
131	4.0
133	4.0
140	4.0
153	4.0
156	4.0
159	4.0
161	4.0
164	4.0
167	4.0
168	4.0
172	4.0
175	4.0
178	4.0
179	4.0
181	4.0
183	4.0
189	4.0
190	4.0
194	4.0
196	4.0
202	4.0
205	4.0
207	4.0
215	4.0
234	4.0
236	4.0
241	4.0
252	4.0
257	4.0
265	4.0
269	4.0
273	4.0
280	4.0
281	4.0
284	4.0
287	4.0
297	4.0
299	4.0
1	3.0
2	3.0
6	3.0
9	3.0
12	3.0
15	3.0
16	3.0
17	3.0
18	3.0
20	3.0
22	3.0
23	3.0
25	3.0
31	3.0
35	3.0
38	3.0
40	3.0
44	3.0
45	3.0
47	3.0
49	3.0
50	3.0
51	3.0
53	3.0
54	3.0
56	3.0
57	3.0
62	3.0
65	3.0
66	3.0
74	3.0
76	3.0
77	3.0
81	3.0
85	3.0
86	3.0
89	3.0
93	3.0
100	3.0
101	3.0
102	3.0
104	3.0
106	3.0
108	3.0
110	3.0
111	3.0
112	3.0
113	3.0
114	3.0
115	3.0
116	3.0
117	3.0
119	3.0
120	3.0
121	3.0
122	3.0
124	3.0
125	3.0
128	3.0
129	3.0
134	3.0
138	3.0
139	3.0
141	3.0
142	3.0
145	3.0
146	3.0
149	3.0
150	3.0
151	3.0
152	3.0
154	3.0
158	3.0
166	3.0
169	3.0
173	3.0
174	3.0
176	3.0
177	3.0
180	3.0
186	3.0
188	3.0
191	3.0
193	3.0
197	3.0
198	3.0
199	3.0
200	3.0
206	3.0
208	3.0
209	3.0
210	3.0
212	3.0
213	3.0
214	3.0
216	3.0
217	3.0
218	3.0
219	3.0
222	3.0
224	3.0
226	3.0
228	3.0
229	3.0
231	3.0
233	3.0
237	3.0
243	3.0
244	3.0
246	3.0
249	3.0
250	3.0
251	3.0
253	3.0
254	3.0
255	3.0
256	3.0
258	3.0
260	3.0
261	3.0
262	3.0
264	3.0
266	3.0
270	3.0
272	3.0
274	3.0
275	3.0
277	3.0
283	3.0
289	3.0
290	3.0
294	3.0
300	3.0
5	2.0
27	2.0
28	2.0
29	2.0
32	2.0
33	2.0
34	2.0
43	2.0
52	2.0
55	2.0
61	2.0
63	2.0
68	2.0
71	2.0
87	2.0
97	2.0
109	2.0
126	2.0
160	2.0
163	2.0
165	2.0
182	2.0
184	2.0
185	2.0
187	2.0
201	2.0
203	2.0
211	2.0
220	2.0
221	2.0
223	2.0
230	2.0
232	2.0
238	2.0
245	2.0
247	2.0
248	2.0
259	2.0
271	2.0
276	2.0
279	2.0
285	2.0
288	2.0
292	2.0
293	2.0
3	1.0
10	1.0
37	1.0
41	1.0
42	1.0
46	1.0
48	1.0
90	1.0
107	1.0
135	1.0
148	1.0
155	1.0
162	1.0
192	1.0
195	1.0
204	1.0
225	1.0
227	1.0
235	1.0
240	1.0
278	1.0
282	1.0
291	1.0
296	1.0
4	0.0
60	0.0
70	0.0
72	0.0
78	0.0
82	0.0
88	0.0
91	0.0
95	0.0
99	0.0
103	0.0
123	0.0
132	0.0
136	0.0
137	0.0
143	0.0
144	0.0
147	0.0
157	0.0
170	0.0
171	0.0
239	0.0
242	0.0
263	0.0
267	0.0
268	0.0
286	0.0
295	0.0
298	0.0
