Length
1	2	3	4	5	6	7	8	9	10	11	12	13	14	15	16	17	18	19	20
46	46	46	46	46	46	46	46	46	46	46	46	46	46	46	46	46	46	46	46

design
5	3	7	2	6	8	1	3	6	3	1	2	8	6	8	26	19	13	2	7
22	4	12	15	36	9	7	4	18	4	13	23	12	12	13	33	24	29	5	20
26	5	19	16	41	10	9	15	23	23	34	30	24	25	14	42	31	36	14	21
48	9	22	17	42	11	10	16	27	27	36	31	28	30	20	43	34	57	26	31
49	10	32	18	43	21	11	17	44	28	40	34	37	32	29	54	40	58	30	44
50	11	33	41	45	25	14	18	63	32	47	35	39	38	42	55	47	62	48	45
52	19	37	45	47	29	15	20	76	35	53	37	63	61	43	56	54	66	49	52
53	21	59	58	59	46	16	24	78	44	54	48	67	62	46	64	55	76	50	57
59	25	68	60	61	51	17	39	99	65	55	49	71	74	58	66	56	84	68	73
70	33	75	71	64	53	22	40	102	71	56	50	76	75	65	69	62	108	69	74
75	38	79	73	65	57	27	41	125	83	61	83	91	77	92	70	64	116	70	77
81	39	92	74	84	80	28	51	130	90	78	85	103	79	103	73	67	132	72	81
82	52	93	77	86	85	38	86	147	97	84	100	107	80	105	90	72	133	78	82
83	72	94	99	96	109	46	97	151	98	87	102	114	87	106	101	85	134	79	98
87	81	95	100	112	115	60	106	152	108	88	104	118	88	111	109	96	135	86	103
88	82	109	112	115	120	63	124	153	110	89	118	123	89	113	116	98	142	93	113
89	90	142	113	123	121	66	125	159	122	91	135	154	91	122	122	100	148	94	115
101	111	144	120	131	140	68	126	160	132	92	137	156	108	124	131	107	150	95	116
104	119	147	121	136	155	69	127	179	133	96	141	168	114	129	141	110	152	97	117
105	120	163	129	161	162	80	128	180	134	101	148	183	132	138	156	114	153	99	126
112	121	165	131	163	178	93	140	188	136	102	157	189	133	143	157	117	156	110	127
119	126	166	149	170	180	94	144	189	145	106	165	194	134	161	158	118	159	111	128
130	127	167	169	182	192	95	150	193	146	137	166	207	136	171	163	119	160	124	137
138	128	176	175	184	198	105	153	198	152	139	167	221	138	172	164	139	161	125	142
139	130	182	198	185	199	117	162	199	154	141	175	222	177	173	168	145	169	143	143
146	135	197	199	191	200	123	168	204	157	144	176	226	184	175	176	147	171	164	145
149	140	203	202	194	201	129	181	205	162	151	179	227	188	178	181	158	172	165	148
177	149	217	220	196	203	146	186	206	171	154	187	234	213	185	186	159	173	166	155
180	151	224	232	197	219	150	195	209	172	155	188	246	218	191	197	160	174	167	169
181	164	229	234	208	225	158	196	216	173	177	196	247	222	213	204	170	183	179	202
186	174	230	243	210	229	170	200	226	184	178	201	254	240	215	205	200	192	204	207
187	182	233	244	211	230	174	223	229	185	183	222	256	242	217	206	209	207	205	213
190	193	235	245	212	231	190	227	231	187	193	228	257	249	219	210	210	208	206	223
191	195	248	246	216	240	194	234	233	189	202	248	262	250	233	211	211	215	224	243
203	201	252	249	219	242	195	237	239	192	214	252	266	251	237	212	212	218	235	244
220	208	253	250	225	254	214	238	241	209	217	258	276	259	238	214	225	226	275	245
258	215	267	251	228	256	232	242	265	230	220	260	277	263	241	216	228	231	281	255
262	224	268	253	237	257	239	255	271	235	239	267	279	265	243	218	252	236	286	259
267	248	271	261	238	262	254	260	273	236	247	278	288	269	244	227	253	240	288	266
272	274	273	263	249	266	261	279	278	246	258	281	289	270	245	232	261	263	289	270
280	279	282	271	250	274	269	280	282	255	268	282	290	273	247	241	264	270	290	276
301	293	283	287	251	280	272	285	283	257	275	283	295	295	275	256	288	272	295	277
303	294	284	291	259	281	276	287	284	269	278	284	298	297	296	264	289	287	303	286
306	300	285	294	260	292	277	291	292	302	291	285	301	302	304	274	290	306	305	297
308	304	293	298	264	296	286	292	299	304	296	302	303	305	307	293	299	310	310	300
309	309	298	306	268	308	311	294	301	312	297	307	307	308	310	305	300	312	312	309

expected score
Categorical variables
UNIT
D3	0	2	0	0	0	0	0	2	0	2	0	0	0	0	0	0	0	0	0	0
D8	0	3	0	0	0	3	3	0	0	0	0	0	0	0	0	0	0	0	0	0
D12	0	0	0	3	0	0	3	3	0	0	0	0	0	0	0	0	0	0	0	0
D3b	0	0	0	0	2	0	0	0	0	0	0	0	0	0	2	2	0	0	0	0
D8b	3	0	0	0	0	0	0	0	0	0	0	3	0	0	0	0	0	0	3	0
D12b	0	0	0	0	0	0	0	0	0	0	3	0	0	0	0	3	3	0	0	0
D3c	2	2	0	0	0	0	0	0	0	0	0	0	0	0	0	0	0	0	0	2
D8c	3	0	0	0	0	0	0	0	0	0	3	0	0	3	0	0	0	0	0	0
D12c	0	0	3	0	0	0	3	0	0	0	0	0	0	0	0	0	0	0	3	0
D3d	0	2	0	2	0	2	0	0	0	0	0	0	0	0	0	0	0	0	0	0
D8d	0	3	0	0	0	0	0	3	0	0	0	0	0	0	0	0	0	0	0	3
D12d	0	0	0	0	0	0	0	0	0	3	0	0	0	3	0	0	0	3	0	0
D3e	0	0	0	0	0	0	0	0	2	0	0	0	0	0	0	0	2	2	0	0
D8e	0	0	3	0	0	0	0	0	0	0	0	3	0	0	0	0	0	0	3	0
D12e	0	0	0	0	0	0	0	0	0	3	0	0	0	0	3	0	0	3	0	0
D3f	0	0	0	2	0	2	0	0	2	0	0	0	0	0	0	0	0	0	0	0
D8f	0	0	0	0	0	0	0	0	3	0	0	0	0	0	0	3	0	0	3	0
D12f	0	0	0	0	3	0	0	0	0	0	0	0	0	0	0	3	3	0	0	0
D3g	0	0	0	0	2	0	0	2	0	0	0	0	0	0	2	0	0	0	0	0
D8g	0	0	0	3	0	0	0	0	0	0	0	0	0	0	3	0	0	0	0	3
D12g	0	0	0	3	3	0	0	0	0	0	0	0	0	3	0	0	0	0	0	0
D3h	0	0	0	0	0	0	2	0	0	0	0	0	2	0	0	0	0	0	0	2
D8h	0	0	3	0	0	0	0	0	3	0	0	3	0	0	0	0	0	0	0	0
D12h	0	0	0	0	0	0	0	0	0	0	0	0	3	0	0	0	3	0	3	0

DOMAIN
Numeri	11	9	14	6	13	15	13	11	8	11	14	13	16	16	9	12	11	14	8	11
Dati e previsioni	12	12	14	14	11	9	14	11	13	14	12	15	12	13	11	15	16	13	21	9
Spazio e figure	15	17	10	17	14	13	11	14	17	13	10	10	10	9	18	11	9	11	9	18
Relazioni e funzioni	8	8	8	9	8	9	8	10	8	8	10	8	8	8	8	8	10	8	8	8

DIMENSION
Conoscere	22	23	27	30	30	28	26	31	26	33	23	22	24	27	30	28	32	30	29	21
Risolvere problemi	19	19	16	12	9	12	13	11	13	11	13	17	15	15	13	15	10	12	17	21
Argomentare	5	4	3	4	7	6	7	4	7	2	10	7	7	4	3	3	4	4	0	4

Sum variables

Overlap matrix
	1	2	3	4	5	6	7	8	9	10	11	12	13	14	15	16	17	18	19	20
1	46	8	5	4	3	6	5	3	3	3	9	8	3	7	3	5	2	2	7	4
2	8	46	6	4	2	10	6	10	3	4	2	3	2	2	3	5	4	4	5	9
3	5	6	46	3	5	4	6	2	8	3	4	12	3	5	3	6	4	1	10	2
4	4	4	3	46	7	4	7	9	5	2	3	3	4	6	7	3	3	5	2	10
5	3	2	5	7	46	3	3	6	2	4	6	3	2	8	9	11	10	4	1	3
6	6	10	4	4	3	46	6	7	6	4	4	3	6	5	6	3	3	5	1	5
7	5	6	6	7	3	6	46	5	3	4	3	0	7	3	4	5	4	4	7	5
8	3	10	2	9	6	7	5	46	4	5	4	3	6	1	5	4	3	3	4	6
9	3	3	8	5	2	6	3	4	46	6	6	8	5	4	2	5	5	7	7	1
10	3	4	3	2	4	4	4	5	6	46	1	6	6	9	7	3	4	11	4	4
11	9	2	4	3	6	4	3	4	6	1	46	6	4	7	8	6	8	4	2	4
12	8	3	12	3	3	3	0	3	8	6	6	46	4	4	2	3	7	2	10	3
13	3	2	3	4	2	6	7	6	5	6	4	4	46	5	4	4	8	5	5	5
14	7	2	5	6	8	5	3	1	4	9	7	4	5	46	2	2	2	9	4	6
15	3	3	3	7	9	6	4	5	2	7	8	2	4	2	46	4	0	9	6	8
16	5	5	6	3	11	3	5	4	5	3	6	3	4	2	4	46	9	4	8	2
17	2	4	4	3	10	3	4	3	5	4	8	7	8	2	0	9	46	3	5	5
18	2	4	1	5	4	5	4	3	7	11	4	2	5	9	9	4	3	46	2	7
19	7	5	10	2	1	1	7	4	7	4	2	10	5	4	6	8	5	2	46	2
20	4	9	2	10	3	5	5	6	1	4	4	3	5	6	8	2	5	7	2	46

Item use
2	3.0
3	3.0
4	3.0
5	3.0
6	3.0
7	3.0
8	3.0
9	3.0
10	3.0
11	3.0
12	3.0
13	3.0
14	3.0
15	3.0
16	3.0
17	3.0
18	3.0
19	3.0
20	3.0
21	3.0
22	3.0
23	3.0
24	3.0
25	3.0
26	3.0
27	3.0
28	3.0
29	3.0
30	3.0
31	3.0
32	3.0
33	3.0
34	3.0
36	3.0
37	3.0
38	3.0
39	3.0
40	3.0
41	3.0
42	3.0
43	3.0
44	3.0
45	3.0
46	3.0
47	3.0
48	3.0
49	3.0
50	3.0
52	3.0
53	3.0
54	3.0
55	3.0
56	3.0
57	3.0
58	3.0
59	3.0
61	3.0
62	3.0
63	3.0
64	3.0
65	3.0
66	3.0
68	3.0
69	3.0
70	3.0
71	3.0
72	3.0
73	3.0
74	3.0
75	3.0
76	3.0
77	3.0
78	3.0
79	3.0
80	3.0
81	3.0
82	3.0
83	3.0
84	3.0
85	3.0
86	3.0
87	3.0
88	3.0
89	3.0
90	3.0
91	3.0
92	3.0
93	3.0
94	3.0
95	3.0
96	3.0
97	3.0
98	3.0
99	3.0
100	3.0
101	3.0
102	3.0
103	3.0
105	3.0
106	3.0
108	3.0
109	3.0
110	3.0
111	3.0
112	3.0
113	3.0
114	3.0
115	3.0
116	3.0
117	3.0
118	3.0
119	3.0
120	3.0
121	3.0
122	3.0
123	3.0
124	3.0
125	3.0
126	3.0
127	3.0
128	3.0
129	3.0
130	3.0
131	3.0
132	3.0
133	3.0
134	3.0
135	3.0
136	3.0
137	3.0
138	3.0
139	3.0
140	3.0
141	3.0
142	3.0
143	3.0
144	3.0
145	3.0
146	3.0
147	3.0
148	3.0
149	3.0
150	3.0
151	3.0
152	3.0
153	3.0
154	3.0
155	3.0
156	3.0
157	3.0
158	3.0
159	3.0
160	3.0
161	3.0
162	3.0
163	3.0
164	3.0
165	3.0
166	3.0
167	3.0
168	3.0
169	3.0
170	3.0
171	3.0
172	3.0
173	3.0
174	3.0
175	3.0
176	3.0
177	3.0
178	3.0
179	3.0
180	3.0
181	3.0
182	3.0
183	3.0
184	3.0
185	3.0
186	3.0
187	3.0
188	3.0
189	3.0
191	3.0
192	3.0
193	3.0
194	3.0
195	3.0
196	3.0
197	3.0
198	3.0
199	3.0
200	3.0
201	3.0
202	3.0
203	3.0
204	3.0
205	3.0
206	3.0
207	3.0
208	3.0
209	3.0
210	3.0
211	3.0
212	3.0
213	3.0
214	3.0
215	3.0
216	3.0
217	3.0
218	3.0
219	3.0
220	3.0
222	3.0
224	3.0
225	3.0
226	3.0
227	3.0
228	3.0
229	3.0
230	3.0
231	3.0
232	3.0
233	3.0
234	3.0
235	3.0
237	3.0
238	3.0
239	3.0
240	3.0
241	3.0
242	3.0
243	3.0
244	3.0
245	3.0
246	3.0
247	3.0
248	3.0
249	3.0
250	3.0
251	3.0
252	3.0
253	3.0
254	3.0
255	3.0
256	3.0
257	3.0
258	3.0
259	3.0
260	3.0
261	3.0
262	3.0
263	3.0
264	3.0
266	3.0
267	3.0
268	3.0
269	3.0
270	3.0
271	3.0
272	3.0
273	3.0
274	3.0
275	3.0
276	3.0
277	3.0
278	3.0
279	3.0
280	3.0
281	3.0
282	3.0
283	3.0
284	3.0
285	3.0
286	3.0
287	3.0
288	3.0
289	3.0
290	3.0
291	3.0
292	3.0
293	3.0
294	3.0
295	3.0
296	3.0
297	3.0
298	3.0
300	3.0
301	3.0
302	3.0
303	3.0
304	3.0
305	3.0
306	3.0
307	3.0
308	3.0
309	3.0
310	3.0
312	3.0
1	2.0
35	2.0
51	2.0
60	2.0
67	2.0
104	2.0
107	2.0
190	2.0
223	2.0
236	2.0
265	2.0
299	2.0
221	1.0
311	1.0
