Length
1	2	3	4	5	6	7	8	9	10	11	12	13	14	15	16	17	18	19	20
48	46	48	47	47	45	48	47	46	45	46	47	48	46	48	47	45	45	45	47

design
6	3	8	1	19	6	6	7	1	2	13	5	5	20	2	2	12	7	5	1
14	4	9	3	31	8	9	20	21	12	22	7	19	28	14	3	40	8	20	9
23	13	10	4	59	13	10	33	24	37	25	14	21	41	18	4	46	22	46	10
32	15	11	25	60	28	11	44	28	39	27	18	24	60	23	22	58	26	54	11
35	16	12	26	63	38	24	52	39	40	32	21	25	68	30	23	64	31	55	15
36	17	15	30	71	52	29	67	42	41	44	27	33	74	32	29	69	42	56	16
45	35	16	39	97	53	51	70	43	63	45	29	35	77	33	34	71	43	65	17
48	38	17	53	102	54	58	84	45	67	52	30	37	79	34	36	73	47	70	19
49	44	18	63	107	55	75	122	61	73	61	31	69	80	36	41	78	54	85	26
50	46	42	64	126	56	93	130	62	77	62	34	83	96	37	47	81	55	87	27
51	48	43	76	127	70	94	131	69	78	65	51	91	101	38	57	82	56	88	47
60	49	48	85	128	71	95	132	72	79	66	59	92	110	40	65	86	66	89	53
62	50	49	100	137	90	98	133	80	83	68	79	103	117	59	81	99	72	97	57
64	57	50	103	140	91	111	134	100	87	84	80	106	120	73	82	104	76	111	61
67	58	77	104	141	102	117	148	103	88	109	81	108	121	75	96	108	83	114	66
74	68	85	105	150	115	118	155	113	89	112	82	113	122	93	99	115	90	116	76
75	72	86	110	151	132	124	159	114	91	118	98	119	138	94	101	129	93	118	86
84	74	90	111	157	133	140	160	122	92	120	101	120	141	95	102	138	94	136	97
92	78	96	112	165	134	148	171	126	98	121	110	121	142	108	116	147	95	148	104
107	87	100	114	166	136	149	172	127	99	130	123	131	149	115	125	155	106	150	116
119	88	106	129	167	137	154	173	128	105	131	124	132	159	117	135	164	109	171	123
123	89	113	139	169	139	170	182	135	125	139	126	133	160	119	138	165	112	172	135
142	105	125	161	180	168	175	194	143	144	140	127	134	203	124	145	166	141	173	143
146	107	136	164	182	175	176	196	158	150	157	128	142	217	130	154	167	153	175	145
152	109	152	177	194	180	186	207	180	155	158	137	145	225	144	161	177	156	178	146
156	129	153	179	213	185	187	215	186	162	165	144	147	239	149	162	184	164	187	147
170	143	154	190	220	188	203	221	189	163	166	146	156	240	151	174	185	174	191	153
174	157	159	209	229	197	204	225	190	177	167	151	168	241	169	176	195	178	200	163
179	158	160	219	232	203	205	235	198	181	169	161	179	255	184	183	214	192	208	201
189	163	162	220	247	208	206	243	199	190	182	171	181	257	188	184	221	201	232	204
191	170	168	223	260	215	209	244	215	193	183	172	187	258	189	188	223	209	249	205
200	178	181	227	266	216	210	245	218	195	185	173	198	261	191	193	227	219	250	206
204	186	192	228	271	231	211	246	220	197	193	176	199	288	210	201	228	226	251	208
205	192	194	232	274	241	212	253	237	202	196	183	214	289	211	213	236	229	258	210
206	198	195	233	280	242	224	271	238	207	197	196	218	290	212	216	243	233	262	211
219	199	216	234	282	243	237	280	241	224	202	200	224	294	228	217	244	246	264	212
230	207	235	235	283	244	238	282	263	227	217	202	225	296	229	226	245	248	270	213
234	222	236	257	284	245	247	283	266	230	218	222	230	297	231	242	257	249	272	214
242	231	239	259	288	268	259	284	270	240	249	223	233	298	236	248	261	250	278	221
252	254	258	261	289	270	260	287	275	248	250	237	246	300	254	264	262	251	280	222
255	275	262	276	290	286	271	291	286	252	251	238	252	303	263	265	272	253	281	226
267	278	281	277	293	291	275	297	288	256	256	239	256	304	269	267	279	254	286	240
269	279	282	287	296	292	281	299	289	265	265	272	259	305	274	274	300	255	302	247
273	287	283	295	297	305	291	301	290	268	266	276	263	306	278	276	301	260	306	253
285	293	284	298	299	312	292	303	302	293	267	277	264	307	285	277	303	310	309	268
294	298	295	300	304	0	294	311	310	0	269	285	295	309	292	279	0	0	0	302
305	0	299	304	311	0	307	312	0	0	0	296	301	0	307	310	0	0	0	309
308	0	308	0	0	0	311	0	0	0	0	0	306	0	312	0	0	0	0	0

expected score
1.0	0.574

2.0	0.605

3.0	0.624

4.0	0.57

5.0	0.609

6.0	0.588

7.0	0.591

8.0	0.639

9.0	0.603

10.0	0.592

11.0	0.611

12.0	0.644

13.0	0.577

14.0	0.605

15.0	0.588

16.0	0.569

17.0	0.597

18.0	0.617

19.0	0.603

20.0	0.567

Categorical variables
UNIT
D3	0	2	0	2	0	0	0	0	0	0	0	0	0	0	0	2	0	0	0	0
D8	0	0	3	0	0	0	3	0	0	0	0	0	0	0	0	0	0	0	0	3
D12	0	3	3	0	0	0	0	0	0	0	0	0	0	0	0	0	0	0	0	3
D3b	0	0	2	0	0	0	0	0	2	0	0	0	0	0	0	0	0	2	0	0
D8b	3	3	3	0	0	0	0	0	0	0	0	0	0	0	0	0	0	0	0	0
D12b	0	0	0	0	0	3	0	0	0	0	0	0	0	0	0	0	0	3	3	0
D3c	0	0	0	0	0	0	0	0	0	0	0	2	0	0	0	2	2	0	0	0
D8c	0	3	0	0	0	0	0	0	0	3	0	0	0	0	0	0	0	0	3	0
D12c	0	0	0	0	0	0	3	0	0	0	0	0	0	0	3	0	0	3	0	0
D3d	0	0	0	0	0	0	0	0	0	0	2	0	2	2	0	0	0	0	0	0
D8d	0	0	0	0	3	0	0	0	3	0	0	3	0	0	0	0	0	0	0	0
D12d	0	0	0	0	0	3	0	3	0	0	0	0	3	0	0	0	0	0	0	0
D3e	0	0	2	0	0	0	0	2	0	0	0	0	0	2	0	0	0	0	0	0
D8e	0	0	0	0	3	0	0	0	0	0	3	0	0	0	0	0	3	0	0	0
D12e	0	0	0	0	0	0	0	3	0	0	0	3	0	0	0	0	0	0	3	0
D3f	0	2	0	0	0	0	0	0	2	0	0	0	2	0	0	0	0	0	0	0
D8f	3	0	0	0	0	0	3	0	0	0	0	0	0	0	0	0	0	0	0	3
D12f	0	0	0	0	0	0	3	0	0	0	0	0	0	0	3	0	0	0	0	3
D3g	0	0	0	0	0	0	2	0	2	0	0	2	0	0	0	0	0	0	0	0
D8g	0	0	0	0	0	3	0	3	0	0	0	0	0	0	0	0	3	0	0	0
D12g	0	0	0	0	0	0	0	0	0	0	3	0	0	0	0	0	0	3	3	0
D3h	0	0	0	2	0	0	0	0	0	0	0	2	0	0	0	2	0	0	0	0
D8h	0	0	3	0	3	0	0	3	0	0	0	0	0	0	0	0	0	0	0	0
D12h	0	0	0	0	3	0	0	0	3	0	0	0	0	3	0	0	0	0	0	0

DOMAIN
Numeri	11	13	12	11	13	12	11	13	13	13	12	13	13	12	12	12	11	11	11	11
Dati e previsioni	13	12	16	7	17	12	17	16	15	10	13	10	12	10	16	10	14	13	17	14
Spazio e figure	13	13	12	13	13	13	13	13	13	13	13	13	13	13	13	13	13	13	13	13
Relazioni e funzioni	11	8	8	16	4	8	7	5	5	9	8	11	10	11	7	12	7	8	4	9

DIMENSION
Conoscere	26	29	31	26	18	25	30	29	26	22	24	27	32	25	26	31	23	35	32	30
Risolvere problemi	17	14	15	14	22	16	15	16	16	15	16	13	15	14	16	10	18	4	12	10
Argomentare	5	3	2	7	7	4	3	2	4	8	6	7	1	7	6	6	4	6	1	7

Sum variables

Overlap matrix
	1	2	3	4	5	6	7	8	9	10	11	12	13	14	15	16	17	18	19	20
1	48	7	5	4	2	3	8	2	3	4	6	6	8	6	10	5	1	4	2	5
2	7	46	7	6	3	3	4	3	7	8	6	1	3	3	4	4	5	5	6	7
3	5	7	48	4	5	5	5	8	4	6	0	2	5	6	2	5	5	7	5	8
4	4	6	4	47	4	2	3	2	7	6	3	6	6	6	2	5	11	7	4	5
5	2	3	5	4	47	4	5	10	9	3	8	8	1	8	5	3	4	4	4	4
6	3	3	5	2	4	45	5	11	6	3	5	1	5	4	6	4	6	5	9	3
7	8	4	5	3	5	5	48	4	5	2	2	7	4	5	12	3	1	5	6	10
8	2	3	8	2	10	11	4	47	2	3	7	5	8	7	3	0	7	3	7	2
9	3	7	4	7	9	6	5	2	46	2	6	7	9	7	2	2	1	4	4	5
10	4	8	6	6	3	3	2	3	2	45	5	4	9	4	5	8	9	2	4	3
11	6	6	0	3	8	5	2	7	6	5	46	4	6	4	4	7	4	7	5	3
12	6	1	2	6	8	1	7	5	7	4	4	47	2	6	9	10	4	2	6	4
13	8	3	5	6	1	5	4	8	9	9	6	2	48	5	5	2	5	5	4	4
14	6	3	6	6	8	4	5	7	7	4	4	6	5	46	3	5	5	2	4	2
15	10	4	2	2	5	6	12	3	2	5	4	9	5	3	48	7	7	5	2	3
16	5	4	5	5	3	4	3	0	2	8	7	10	2	5	7	47	6	7	3	8
17	1	5	5	11	4	6	1	7	1	9	4	4	5	5	7	6	45	1	3	5
18	4	5	7	7	4	5	5	3	4	2	7	2	5	2	5	7	1	45	7	8
19	2	6	5	4	4	9	6	7	4	4	5	6	4	4	2	3	3	7	45	5
20	5	7	8	5	4	3	10	2	5	3	3	4	4	2	3	8	5	8	5	47

Item use
1	3.0
2	3.0
3	3.0
4	3.0
5	3.0
6	3.0
7	3.0
8	3.0
9	3.0
10	3.0
11	3.0
12	3.0
13	3.0
14	3.0
15	3.0
16	3.0
17	3.0
18	3.0
19	3.0
20	3.0
21	3.0
22	3.0
23	3.0
24	3.0
25	3.0
26	3.0
27	3.0
28	3.0
29	3.0
30	3.0
31	3.0
32	3.0
33	3.0
34	3.0
35	3.0
36	3.0
37	3.0
38	3.0
39	3.0
40	3.0
41	3.0
42	3.0
43	3.0
44	3.0
45	3.0
46	3.0
47	3.0
48	3.0
49	3.0
50	3.0
51	3.0
52	3.0
53	3.0
54	3.0
55	3.0
56	3.0
57	3.0
58	3.0
59	3.0
60	3.0
61	3.0
62	3.0
63	3.0
64	3.0
65	3.0
66	3.0
67	3.0
68	3.0
69	3.0
70	3.0
71	3.0
72	3.0
73	3.0
74	3.0
75	3.0
76	3.0
77	3.0
78	3.0
79	3.0
80	3.0
81	3.0
82	3.0
83	3.0
84	3.0
85	3.0
86	3.0
87	3.0
88	3.0
89	3.0
90	3.0
91	3.0
92	3.0
93	3.0
94	3.0
95	3.0
96	3.0
97	3.0
98	3.0
99	3.0
100	3.0
101	3.0
102	3.0
103	3.0
104	3.0
105	3.0
106	3.0
107	3.0
108	3.0
109	3.0
110	3.0
111	3.0
112	3.0
113	3.0
114	3.0
115	3.0
116	3.0
117	3.0
118	3.0
119	3.0
120	3.0
121	3.0
122	3.0
123	3.0
124	3.0
125	3.0
126	3.0
127	3.0
128	3.0
129	3.0
130	3.0
131	3.0
132	3.0
133	3.0
134	3.0
135	3.0
136	3.0
137	3.0
138	3.0
139	3.0
140	3.0
141	3.0
142	3.0
143	3.0
144	3.0
145	3.0
146	3.0
147	3.0
148	3.0
149	3.0
150	3.0
151	3.0
153	3.0
154	3.0
155	3.0
156	3.0
157	3.0
158	3.0
159	3.0
160	3.0
161	3.0
162	3.0
163	3.0
164	3.0
165	3.0
166	3.0
167	3.0
168	3.0
169	3.0
170	3.0
171	3.0
172	3.0
173	3.0
174	3.0
175	3.0
176	3.0
177	3.0
178	3.0
179	3.0
180	3.0
181	3.0
182	3.0
183	3.0
184	3.0
185	3.0
186	3.0
187	3.0
188	3.0
189	3.0
190	3.0
191	3.0
192	3.0
193	3.0
194	3.0
195	3.0
196	3.0
197	3.0
198	3.0
199	3.0
200	3.0
201	3.0
202	3.0
203	3.0
204	3.0
205	3.0
206	3.0
207	3.0
208	3.0
209	3.0
210	3.0
211	3.0
212	3.0
213	3.0
214	3.0
215	3.0
216	3.0
217	3.0
218	3.0
219	3.0
220	3.0
221	3.0
222	3.0
223	3.0
224	3.0
225	3.0
226	3.0
227	3.0
228	3.0
229	3.0
230	3.0
231	3.0
232	3.0
233	3.0
235	3.0
236	3.0
237	3.0
238	3.0
239	3.0
240	3.0
241	3.0
242	3.0
243	3.0
244	3.0
245	3.0
246	3.0
247	3.0
248	3.0
249	3.0
250	3.0
251	3.0
252	3.0
253	3.0
254	3.0
255	3.0
256	3.0
257	3.0
258	3.0
259	3.0
260	3.0
261	3.0
262	3.0
263	3.0
264	3.0
265	3.0
266	3.0
267	3.0
268	3.0
269	3.0
270	3.0
271	3.0
272	3.0
274	3.0
275	3.0
276	3.0
277	3.0
278	3.0
279	3.0
280	3.0
281	3.0
282	3.0
283	3.0
284	3.0
285	3.0
286	3.0
287	3.0
288	3.0
289	3.0
290	3.0
291	3.0
292	3.0
293	3.0
294	3.0
295	3.0
296	3.0
297	3.0
298	3.0
299	3.0
300	3.0
301	3.0
302	3.0
303	3.0
304	3.0
305	3.0
306	3.0
307	3.0
309	3.0
310	3.0
311	3.0
312	3.0
152	2.0
234	2.0
308	2.0
273	1.0
