Length
1	2	3	4	5	6	7	8	9	10	11	12	13	14	15	16	17	18	19	20
47	48	48	47	47	47	47	47	47	47	47	47	48	47	47	47	48	47	47	47

design
8	1	6	1	5	21	2	25	8	7	3	21	14	3	5	14	2	14	1	9
22	3	15	2	8	42	5	26	20	8	4	24	25	4	6	36	18	19	12	10
61	4	16	7	12	43	6	40	30	18	28	25	30	9	14	37	24	31	18	11
66	5	17	15	25	46	15	42	37	30	36	26	44	10	20	38	28	39	26	19
72	7	22	16	27	51	16	43	57	34	41	32	47	11	21	66	29	45	28	27
76	9	24	17	32	57	17	44	60	53	54	36	63	12	22	67	33	47	29	33
78	10	48	18	33	69	27	51	65	63	55	39	64	32	29	81	39	48	34	37
80	11	49	27	41	79	31	60	70	67	56	44	68	46	32	82	53	49	40	47
83	19	50	31	42	87	34	71	71	73	58	70	72	53	41	98	60	50	44	52
84	20	51	40	43	88	45	92	73	83	63	71	74	74	45	102	64	54	48	57
106	47	54	58	46	89	52	99	77	87	69	76	87	75	52	107	66	55	49	58
117	53	55	59	85	90	64	103	80	88	74	97	88	102	69	110	68	56	50	59
129	75	56	66	90	98	65	118	85	89	83	102	89	103	73	115	76	59	57	67
136	79	61	72	109	105	79	129	100	93	91	113	103	117	81	116	86	64	61	85
145	81	75	97	111	109	91	130	111	94	92	119	108	125	82	119	93	65	68	86
147	82	78	107	115	130	96	151	122	95	96	124	112	135	83	132	94	70	78	90
159	92	86	111	131	139	100	156	123	100	99	126	113	138	106	133	95	80	84	96
160	93	92	123	143	144	108	161	131	104	105	127	115	145	120	134	108	84	99	104
161	94	105	126	157	146	132	162	141	113	110	128	126	146	121	135	145	86	103	106
181	95	110	127	158	147	133	165	147	123	137	135	127	154	122	138	148	96	104	107
183	105	118	128	165	148	134	166	158	135	141	141	128	158	125	143	149	97	110	109
186	112	119	140	166	164	137	167	171	149	143	150	131	164	159	157	163	98	120	112
191	114	122	142	167	177	148	171	172	152	168	156	132	165	160	159	177	114	121	114
195	125	130	153	178	181	156	172	173	154	170	171	133	166	183	160	181	117	124	118
207	131	136	170	181	190	157	173	175	168	174	172	134	167	197	164	185	122	136	120
208	152	144	175	189	203	169	187	179	170	177	173	139	169	210	168	188	138	137	121
209	164	149	185	200	204	174	194	182	184	180	174	152	174	211	179	192	142	139	124
213	175	150	186	207	205	176	195	183	188	184	176	153	195	212	180	197	146	142	125
215	201	151	200	226	206	182	196	184	202	186	178	161	246	214	188	198	151	144	129
225	203	163	201	232	207	189	200	190	214	187	193	178	248	215	192	199	154	153	142
229	221	188	216	236	210	200	201	196	217	190	209	180	252	220	209	214	161	162	144
230	224	191	220	239	211	204	208	198	226	191	216	193	256	223	220	219	169	163	150
234	228	197	232	240	212	205	213	199	235	203	217	202	273	225	222	222	185	182	162
236	243	198	234	241	220	206	227	202	239	210	222	216	274	230	229	235	192	187	170
243	244	199	237	248	228	208	231	213	241	211	225	219	279	236	234	240	193	189	176
244	245	203	238	252	242	246	240	215	253	212	227	222	287	239	242	255	204	223	183
245	254	231	239	260	247	248	243	217	258	221	232	223	295	259	256	261	205	249	196
246	258	235	241	263	249	252	244	226	259	227	237	224	297	264	262	263	206	250	231
261	259	237	242	264	250	253	245	228	266	254	238	229	300	267	269	271	209	251	249
286	260	238	255	265	251	256	248	252	270	262	247	230	301	285	270	276	213	258	250
287	281	261	266	268	254	268	255	259	274	272	267	242	304	286	276	277	219	266	251
288	282	263	268	275	260	271	280	262	276	273	269	266	306	288	277	278	221	270	267
289	283	265	285	279	261	278	288	271	277	274	279	269	307	289	286	280	224	275	292
290	284	273	287	280	264	281	289	278	282	275	281	278	308	290	294	282	247	281	298
299	292	293	304	295	265	291	290	285	283	291	295	293	309	300	298	283	253	291	299
305	297	294	306	303	287	301	300	299	284	296	298	294	310	302	301	284	291	305	303
309	302	305	311	307	300	303	302	305	293	298	309	308	312	312	310	292	297	310	304
0	307	306	0	0	0	0	0	0	0	0	0	312	0	0	0	311	0	0	0

expected score
1.0	0.594

2.0	0.576

3.0	0.616

4.0	0.57

5.0	0.562

6.0	0.627

7.0	0.59

8.0	0.609

9.0	0.581

10.0	0.58

11.0	0.603

12.0	0.551

13.0	0.55

14.0	0.575

15.0	0.597

16.0	0.588

17.0	0.561

18.0	0.532

19.0	0.583

20.0	0.585

Categorical variables
UNIT
D3	0	2	0	0	0	0	0	0	0	0	2	0	0	2	0	0	0	0	0	0
D8	0	3	0	0	0	0	0	0	0	0	0	0	0	3	0	0	0	0	0	3
D12	0	0	3	3	0	0	3	0	0	0	0	0	0	0	0	0	0	0	0	0
D3b	0	0	0	0	2	2	0	2	0	0	0	0	0	0	0	0	0	0	0	0
D8b	0	0	3	0	0	0	0	0	0	0	0	0	0	0	0	0	0	3	3	0
D12b	0	0	3	0	0	0	0	0	0	0	3	0	0	0	0	0	0	3	0	0
D3c	0	2	0	0	0	0	0	0	0	0	0	0	0	0	2	2	0	0	0	0
D8c	0	0	0	0	0	3	0	0	0	3	0	0	3	0	0	0	0	0	0	0
D12c	0	3	0	0	0	0	0	0	0	3	0	0	0	0	0	0	3	0	0	0
D3d	0	0	0	0	0	0	0	0	0	0	0	0	0	0	2	0	0	0	2	2
D8d	0	0	0	3	0	0	0	0	0	0	0	3	3	0	0	0	0	0	0	0
D12d	0	0	0	0	0	0	3	0	0	0	0	0	3	0	0	3	0	0	0	0
D3e	2	0	0	0	0	0	0	0	0	0	0	0	0	0	2	2	0	0	0	0
D8e	0	0	0	0	3	0	0	3	0	0	0	0	0	3	0	0	0	0	0	0
D12e	0	0	0	0	0	0	0	3	3	0	0	3	0	0	0	0	0	0	0	0
D3f	0	0	2	0	0	0	0	0	2	0	0	0	0	0	0	0	2	0	0	0
D8f	0	0	0	0	0	3	3	0	0	0	0	0	0	0	0	0	0	3	0	0
D12f	0	0	0	0	0	3	0	0	0	0	3	0	0	0	3	0	0	0	0	0
D3g	0	0	2	2	0	0	0	0	0	0	0	2	0	0	0	0	0	0	0	0
D8g	3	3	0	0	0	0	0	3	0	0	0	0	0	0	0	0	0	0	0	0
D12g	0	0	0	0	0	3	0	0	0	0	0	0	0	0	0	0	0	0	3	3
D3h	0	0	0	0	0	0	0	0	0	2	0	0	0	0	0	2	2	0	0	0
D8h	0	3	0	0	0	0	0	0	0	3	0	0	0	0	0	0	3	0	0	0
D12h	3	0	0	0	0	0	0	3	0	0	0	0	0	0	3	0	0	0	0	0

DOMAIN
Numeri	11	11	11	11	11	11	11	11	11	11	11	11	11	11	11	12	11	11	13	11
Dati e previsioni	12	13	13	12	12	13	13	12	12	12	12	12	13	12	12	11	13	12	11	12
Spazio e figure	13	13	13	13	13	12	12	13	13	13	13	13	12	13	13	13	13	13	12	13
Relazioni e funzioni	11	11	11	11	11	11	11	11	11	11	11	11	12	11	11	11	11	11	11	11

DIMENSION
Conoscere	29	29	29	29	29	29	29	29	29	29	29	29	29	29	29	29	29	29	29	29
Risolvere problemi	13	13	13	13	13	13	13	13	13	13	13	13	13	13	13	13	13	13	13	13
Argomentare	5	6	6	5	5	5	5	5	5	5	5	5	6	5	5	5	6	5	5	5

Sum variables

Overlap matrix
	1	2	3	4	5	6	7	8	9	10	11	12	13	14	15	16	17	18	19	20
1	47	3	7	5	4	5	2	11	8	2	3	4	4	6	14	7	5	6	5	4
2	3	48	4	4	4	7	3	6	5	11	7	1	5	11	7	3	8	6	3	9
3	7	4	48	6	2	7	4	6	4	4	9	5	2	3	4	4	11	9	10	5
4	5	4	6	47	7	3	8	4	4	7	3	8	8	3	3	5	6	5	6	7
5	4	4	2	7	47	10	9	10	7	4	3	6	4	12	6	3	5	0	3	6
6	5	7	7	3	10	47	5	5	4	3	9	2	5	5	8	4	4	6	6	7
7	2	3	4	8	9	5	47	4	6	3	5	4	6	7	4	6	6	11	6	5
8	11	6	6	4	10	5	4	47	7	0	4	9	4	7	5	0	4	3	7	5
9	8	5	4	4	7	4	6	7	47	10	4	7	4	2	7	3	5	5	3	6
10	2	11	4	7	4	3	3	0	10	47	6	3	10	4	5	7	14	2	6	3
11	3	7	9	3	3	9	5	4	4	6	47	5	3	6	6	7	2	6	7	4
12	4	1	5	8	6	2	4	9	7	3	5	47	11	7	4	8	4	6	4	5
13	4	5	2	8	4	5	6	4	4	10	3	11	48	4	4	11	6	7	7	2
14	6	11	3	3	12	5	7	7	2	4	6	7	4	47	4	7	2	6	3	5
15	14	7	4	3	6	8	4	5	7	5	6	4	4	4	47	7	3	3	4	7
16	7	3	4	5	3	4	6	0	3	7	7	8	11	7	7	47	6	5	3	4
17	5	8	11	6	5	4	6	4	5	14	2	4	6	2	3	6	48	6	5	3
18	6	6	9	5	0	6	11	3	5	2	6	6	7	6	3	5	6	47	6	7
19	5	3	10	6	3	6	6	7	3	6	7	4	7	3	4	3	5	6	47	11
20	4	9	5	7	6	7	5	5	6	3	4	5	2	5	7	4	3	7	11	47

Item use
5	4.0
8	4.0
14	4.0
18	4.0
25	4.0
27	4.0
32	4.0
44	4.0
47	4.0
53	4.0
57	4.0
64	4.0
66	4.0
83	4.0
86	4.0
92	4.0
96	4.0
103	4.0
105	4.0
110	4.0
122	4.0
125	4.0
131	4.0
135	4.0
142	4.0
144	4.0
161	4.0
164	4.0
170	4.0
174	4.0
181	4.0
183	4.0
188	4.0
200	4.0
203	4.0
209	4.0
213	4.0
220	4.0
222	4.0
239	4.0
242	4.0
248	4.0
252	4.0
259	4.0
261	4.0
266	4.0
278	4.0
281	4.0
287	4.0
291	4.0
298	4.0
300	4.0
305	4.0
1	3.0
2	3.0
3	3.0
4	3.0
6	3.0
7	3.0
9	3.0
10	3.0
11	3.0
12	3.0
15	3.0
16	3.0
17	3.0
19	3.0
20	3.0
21	3.0
22	3.0
24	3.0
26	3.0
28	3.0
29	3.0
30	3.0
31	3.0
33	3.0
34	3.0
36	3.0
37	3.0
39	3.0
40	3.0
41	3.0
42	3.0
43	3.0
45	3.0
46	3.0
48	3.0
49	3.0
50	3.0
51	3.0
52	3.0
54	3.0
55	3.0
56	3.0
58	3.0
59	3.0
60	3.0
61	3.0
63	3.0
65	3.0
67	3.0
68	3.0
69	3.0
70	3.0
71	3.0
72	3.0
73	3.0
74	3.0
75	3.0
76	3.0
78	3.0
79	3.0
80	3.0
81	3.0
82	3.0
84	3.0
85	3.0
87	3.0
88	3.0
89	3.0
90	3.0
93	3.0
94	3.0
95	3.0
97	3.0
98	3.0
99	3.0
100	3.0
102	3.0
104	3.0
106	3.0
107	3.0
108	3.0
109	3.0
111	3.0
112	3.0
113	3.0
114	3.0
115	3.0
117	3.0
118	3.0
119	3.0
120	3.0
121	3.0
123	3.0
124	3.0
126	3.0
127	3.0
128	3.0
129	3.0
130	3.0
132	3.0
133	3.0
134	3.0
136	3.0
137	3.0
138	3.0
139	3.0
141	3.0
143	3.0
145	3.0
146	3.0
147	3.0
148	3.0
149	3.0
150	3.0
151	3.0
152	3.0
153	3.0
154	3.0
156	3.0
157	3.0
158	3.0
159	3.0
160	3.0
162	3.0
163	3.0
165	3.0
166	3.0
167	3.0
168	3.0
169	3.0
171	3.0
172	3.0
173	3.0
175	3.0
176	3.0
177	3.0
178	3.0
180	3.0
182	3.0
184	3.0
185	3.0
186	3.0
187	3.0
189	3.0
190	3.0
191	3.0
192	3.0
193	3.0
195	3.0
196	3.0
197	3.0
198	3.0
199	3.0
201	3.0
202	3.0
204	3.0
205	3.0
206	3.0
207	3.0
208	3.0
210	3.0
211	3.0
212	3.0
214	3.0
215	3.0
216	3.0
217	3.0
219	3.0
221	3.0
223	3.0
224	3.0
225	3.0
226	3.0
227	3.0
228	3.0
229	3.0
230	3.0
231	3.0
232	3.0
234	3.0
235	3.0
236	3.0
237	3.0
238	3.0
240	3.0
241	3.0
243	3.0
244	3.0
245	3.0
246	3.0
247	3.0
249	3.0
250	3.0
251	3.0
253	3.0
254	3.0
255	3.0
256	3.0
258	3.0
260	3.0
262	3.0
263	3.0
264	3.0
265	3.0
267	3.0
268	3.0
269	3.0
270	3.0
271	3.0
273	3.0
274	3.0
275	3.0
276	3.0
277	3.0
279	3.0
280	3.0
282	3.0
283	3.0
284	3.0
285	3.0
286	3.0
288	3.0
289	3.0
290	3.0
292	3.0
293	3.0
294	3.0
295	3.0
297	3.0
299	3.0
301	3.0
302	3.0
303	3.0
304	3.0
306	3.0
307	3.0
309	3.0
310	3.0
312	3.0
91	2.0
179	2.0
308	2.0
311	2.0
38	1.0
77	1.0
116	1.0
140	1.0
194	1.0
272	1.0
296	1.0
13	0.0
23	0.0
35	0.0
62	0.0
101	0.0
155	0.0
218	0.0
233	0.0
257	0.0
