Length
1	2	3	4	5	6	7	8	9	10	11	12	13	14	15
30	30	30	30	30	30	30	30	30	30	30	30	30	30	30

design
10	6	1	5	1	8	6	2	7	2	5	12	13	4	60
11	14	12	21	19	14	9	3	16	3	8	13	20	7	61
25	15	17	25	22	26	10	18	20	4	45	15	30	9	65
29	16	43	29	27	47	28	24	39	11	58	17	31	23	67
32	33	46	39	41	48	54	40	57	22	88	18	58	24	68
36	34	51	42	73	56	60	49	73	23	99	19	63	26	69
37	35	53	44	76	78	110	50	78	27	100	21	70	28	72
38	47	59	52	84	79	114	52	79	33	101	30	116	32	74
54	48	64	53	85	80	132	61	80	34	107	31	131	36	84
56	49	75	55	86	81	133	63	88	35	122	62	138	37	85
69	50	89	62	92	82	143	65	90	45	129	74	140	38	86
104	57	95	64	104	83	150	66	95	55	131	81	145	40	102
111	68	98	72	128	93	166	67	98	90	149	82	147	41	111
125	76	135	91	145	114	172	70	109	99	165	83	148	42	120
130	96	136	93	156	127	178	71	146	100	167	94	154	43	153
135	97	137	102	167	132	189	75	150	101	171	109	187	44	158
136	103	141	162	181	133	195	89	152	103	174	124	190	46	165
137	108	158	163	184	139	201	96	162	120	175	140	192	51	174
161	138	159	164	185	143	208	97	163	128	176	142	193	59	183
175	139	168	166	192	147	215	110	164	146	177	152	194	71	200
176	197	171	172	193	148	234	123	181	149	188	155	196	108	205
177	198	180	190	194	168	235	191	204	154	200	195	198	112	217
178	199	217	196	204	182	236	213	206	156	202	218	199	113	234
180	203	220	212	216	184	237	218	207	170	228	241	210	118	249
197	205	226	231	262	185	238	252	221	212	235	252	214	121	251
223	206	227	239	265	231	242	253	226	215	236	253	242	155	255
224	207	232	240	266	232	246	255	227	223	237	260	243	189	257
248	213	244	241	267	233	249	260	239	230	256	261	246	201	264
267	269	254	254	271	264	251	261	240	233	263	266	258	220	268
272	270	263	262	273	275	270	269	244	265	275	268	273	243	272

expected score
Categorical variables
UNIT
S032651	0	0	0	0	0	0	0	0	0	0	0	2	2	0	0
S032665	0	3	0	0	0	0	0	0	0	3	0	0	0	0	0
S042049	0	2	0	0	0	2	0	0	0	0	0	0	0	0	0
S042051	0	2	0	0	0	0	0	2	0	0	0	0	0	0	0
S042222	0	0	0	0	0	3	0	0	3	0	0	0	0	0	0
S042228	0	0	0	0	0	3	0	0	0	0	0	3	0	0	0
S042238	0	0	0	0	3	0	0	0	0	0	0	0	0	0	3
S042293	0	2	0	0	0	0	0	2	0	0	0	0	0	0	0
S042300	0	0	0	0	0	0	0	0	0	3	3	0	0	0	0
S052085	0	0	0	0	0	2	2	0	0	0	0	0	0	0	0
S052090	2	0	2	0	0	0	0	0	0	0	0	0	0	0	0
S052112	0	0	0	0	0	2	0	0	0	0	0	0	2	0	0
S052165	0	0	0	3	0	0	0	0	3	0	0	0	0	0	0
S052243	3	0	0	0	0	0	0	0	0	0	3	0	0	0	0
S052263	0	0	0	0	2	2	0	0	0	0	0	0	0	0	0
S052289	0	0	0	0	3	0	0	0	0	0	0	0	3	0	0
S052303	0	2	0	0	0	0	0	0	0	0	0	0	2	0	0
S062024	0	2	0	0	0	0	0	0	2	0	0	0	0	0	0
S062091	0	0	2	0	0	0	0	0	2	0	0	0	0	0	0
S062103	0	0	1	0	0	1	0	0	0	0	0	0	0	0	0
S062116	0	0	0	0	0	0	3	0	0	0	3	0	0	0	0
S062173	0	0	0	0	0	0	0	2	0	0	0	2	0	0	0
S062211	0	0	0	0	0	0	0	2	0	0	0	2	0	0	0

Content_Domain
Biology	9	13	12	8	9	17	11	4	11	16	14	2	6	14	3
Physics	7	8	8	10	10	3	9	8	10	6	7	9	7	7	9
Chemistry	10	4	6	7	6	5	5	9	4	4	3	8	7	6	7
Earth_Science	4	5	4	5	5	5	5	9	5	4	6	11	10	3	11

Cognitive_Domain
Knowing	14	10	10	14	11	10	10	12	10	10	11	7	6	7	14
Applying	9	10	11	11	14	8	7	11	14	12	9	18	19	16	8
Reasoning	7	10	9	5	5	12	13	7	6	8	10	5	5	7	8

Item_Type
CR	8	19	12	12	13	16	17	16	17	16	14	15	12	14	14
MC	22	11	18	18	17	14	13	14	13	14	16	15	18	16	16

Topic
2	13	5	11	9	9	14	15	10	6	14	11	11	11	15	17
1	10	7	16	17	14	11	8	10	19	9	11	10	11	13	11
3	4	10	2	3	5	3	5	8	2	3	6	7	6	2	1
4	3	5	1	1	2	2	2	2	3	1	2	2	2	0	1
5	0	3	0	0	0	0	0	0	0	3	0	0	0	0	0

Biology_Knowing
1	5	0	5	3	3	5	3	1	2	5	5	1	2	6	0
0	25	30	25	27	27	25	27	29	28	25	25	29	28	24	30

Biology_Applying
0	27	24	25	27	26	24	27	27	24	24	26	29	27	23	28
1	3	6	5	3	4	6	3	3	6	6	4	1	3	7	2

Biology_Reasoning
0	29	23	28	28	28	24	25	30	27	25	25	30	29	29	29
1	1	7	2	2	2	6	5	0	3	5	5	0	1	1	1

Chemistry_Knowing
0	25	27	29	28	26	28	28	27	28	29	28	28	28	29	27
1	5	3	1	2	4	2	2	3	2	1	2	2	2	1	3

Chemistry_Applying
0	28	29	28	26	28	29	29	26	28	29	29	26	26	28	28
1	2	1	2	4	2	1	1	4	2	1	1	4	4	2	2

Chemistry_Reasoning
0	27	30	27	29	30	28	28	28	30	28	30	28	29	27	28
1	3	0	3	1	0	2	2	2	0	2	0	2	1	3	2

Physics_Knowing
0	27	27	29	25	27	29	28	27	26	27	30	29	29	30	27
1	3	3	1	5	3	1	2	3	4	3	0	1	1	0	3

Physics_Applying
0	28	28	26	26	26	30	27	28	26	28	28	22	25	24	29
1	2	2	4	4	4	0	3	2	4	2	2	8	5	6	1

Physics_Reasoning
0	28	27	27	29	27	28	26	27	28	29	25	30	29	29	25
1	2	3	3	1	3	2	4	3	2	1	5	0	1	1	5

Earth_Knowing
0	29	26	27	26	29	28	27	25	28	29	26	27	29	30	22
1	1	4	3	4	1	2	3	5	2	1	4	3	1	0	8

Earth_Applying
0	28	29	30	30	26	29	30	28	28	27	28	25	23	29	27
1	2	1	0	0	4	1	0	2	2	3	2	5	7	1	3

Earth_Reasoning
0	29	30	29	29	30	28	28	28	29	30	30	27	28	28	30
1	1	0	1	1	0	2	2	2	1	0	0	3	2	2	0

Sum variables

Overlap matrix
	1	2	3	4	5	6	7	8	9	10	11	12	13	14	15
1	30	1	4	2	2	1	3	0	0	2	3	0	0	4	3
2	1	30	0	0	1	4	2	6	4	4	0	1	3	1	2
3	4	0	30	3	1	2	0	2	5	0	2	2	0	5	2
4	2	0	3	30	1	2	2	1	6	2	1	3	2	2	2
5	2	1	1	1	30	2	0	0	3	5	1	2	5	1	3
6	1	4	2	2	2	30	4	0	3	1	2	3	2	1	1
7	3	2	0	2	0	4	30	1	1	1	3	1	2	4	4
8	0	6	2	1	0	0	1	30	0	2	0	6	2	3	4
9	0	4	5	6	3	3	1	0	30	2	1	2	1	1	0
10	2	4	0	2	5	1	1	2	2	30	5	0	1	2	1
11	3	0	2	1	1	2	3	0	1	5	30	0	2	0	3
12	0	1	2	3	2	3	1	6	2	0	0	30	4	1	2
13	0	3	0	2	5	2	2	2	1	1	2	4	30	1	0
14	4	1	5	2	1	1	4	3	1	2	0	1	1	30	0
15	3	2	2	2	3	1	4	4	0	1	3	2	0	0	30

Item use
1	2.0
2	2.0
3	2.0
4	2.0
5	2.0
6	2.0
7	2.0
8	2.0
9	2.0
10	2.0
11	2.0
12	2.0
13	2.0
14	2.0
15	2.0
16	2.0
17	2.0
18	2.0
19	2.0
20	2.0
21	2.0
22	2.0
23	2.0
24	2.0
25	2.0
26	2.0
27	2.0
28	2.0
29	2.0
30	2.0
31	2.0
32	2.0
33	2.0
34	2.0
35	2.0
36	2.0
37	2.0
38	2.0
39	2.0
40	2.0
41	2.0
42	2.0
43	2.0
44	2.0
45	2.0
46	2.0
47	2.0
48	2.0
49	2.0
50	2.0
51	2.0
52	2.0
53	2.0
54	2.0
55	2.0
56	2.0
57	2.0
58	2.0
59	2.0
60	2.0
61	2.0
62	2.0
63	2.0
64	2.0
65	2.0
67	2.0
68	2.0
69	2.0
70	2.0
71	2.0
72	2.0
73	2.0
74	2.0
75	2.0
76	2.0
78	2.0
79	2.0
80	2.0
81	2.0
82	2.0
83	2.0
84	2.0
85	2.0
86	2.0
88	2.0
89	2.0
90	2.0
93	2.0
95	2.0
96	2.0
97	2.0
98	2.0
99	2.0
100	2.0
101	2.0
102	2.0
103	2.0
104	2.0
108	2.0
109	2.0
110	2.0
111	2.0
114	2.0
120	2.0
128	2.0
131	2.0
132	2.0
133	2.0
135	2.0
136	2.0
137	2.0
138	2.0
139	2.0
140	2.0
143	2.0
145	2.0
146	2.0
147	2.0
148	2.0
149	2.0
150	2.0
152	2.0
154	2.0
155	2.0
156	2.0
158	2.0
162	2.0
163	2.0
164	2.0
165	2.0
166	2.0
167	2.0
168	2.0
171	2.0
172	2.0
174	2.0
175	2.0
176	2.0
177	2.0
178	2.0
180	2.0
181	2.0
184	2.0
185	2.0
189	2.0
190	2.0
192	2.0
193	2.0
194	2.0
195	2.0
196	2.0
197	2.0
198	2.0
199	2.0
200	2.0
201	2.0
204	2.0
205	2.0
206	2.0
207	2.0
212	2.0
213	2.0
215	2.0
217	2.0
218	2.0
220	2.0
223	2.0
226	2.0
227	2.0
231	2.0
232	2.0
233	2.0
234	2.0
235	2.0
236	2.0
237	2.0
239	2.0
240	2.0
241	2.0
242	2.0
243	2.0
244	2.0
246	2.0
249	2.0
251	2.0
252	2.0
253	2.0
254	2.0
255	2.0
260	2.0
261	2.0
262	2.0
263	2.0
264	2.0
265	2.0
266	2.0
267	2.0
268	2.0
269	2.0
270	2.0
272	2.0
273	2.0
275	2.0
66	1.0
91	1.0
92	1.0
94	1.0
107	1.0
112	1.0
113	1.0
116	1.0
118	1.0
121	1.0
122	1.0
123	1.0
124	1.0
125	1.0
127	1.0
129	1.0
130	1.0
141	1.0
142	1.0
153	1.0
159	1.0
161	1.0
170	1.0
182	1.0
183	1.0
187	1.0
188	1.0
191	1.0
202	1.0
203	1.0
208	1.0
210	1.0
214	1.0
216	1.0
221	1.0
224	1.0
228	1.0
230	1.0
238	1.0
248	1.0
256	1.0
257	1.0
258	1.0
271	1.0
77	0.0
87	0.0
105	0.0
106	0.0
115	0.0
117	0.0
119	0.0
126	0.0
134	0.0
144	0.0
151	0.0
157	0.0
160	0.0
169	0.0
173	0.0
179	0.0
186	0.0
209	0.0
211	0.0
219	0.0
222	0.0
225	0.0
229	0.0
245	0.0
247	0.0
250	0.0
259	0.0
274	0.0
276	0.0
