Length
1	2	3	4	5	6	7	8	9	10	11	12	13	14	15	16	17	18	19	20
40	40	40	40	40	40	40	39	40	40	40	39	40	40	40	40	40	40	40	40

design
6	16	8	4	5	6	7	9	1	2	7	5	23	6	14	9	2	1	2	21
17	25	13	13	8	7	9	11	8	15	12	8	31	11	19	15	18	17	16	23
19	30	14	14	12	12	11	28	17	18	13	24	33	15	37	27	19	21	18	26
20	42	21	16	20	14	13	48	34	19	24	25	38	38	50	29	22	27	24	34
25	43	27	22	30	21	20	63	36	23	37	28	44	47	55	30	31	30	26	36
39	51	29	26	52	22	24	80	39	44	40	43	47	56	66	32	45	31	38	41
49	59	34	52	69	28	33	84	45	53	47	48	54	64	76	35	52	32	46	44
64	61	37	56	72	32	36	93	51	73	49	51	71	75	80	39	53	35	49	57
72	66	62	61	74	54	48	99	65	75	54	63	73	84	81	53	59	43	50	59
105	67	65	62	77	63	66	100	70	76	55	68	79	88	84	57	75	69	55	74
107	70	77	64	85	68	67	108	77	81	59	76	87	91	92	58	79	80	96	82
125	79	85	67	108	69	71	122	85	83	61	83	89	97	95	62	89	104	119	88
131	84	90	69	117	73	72	126	91	92	64	93	104	98	97	65	90	107	121	101
141	86	91	82	118	74	87	127	92	93	67	101	105	99	114	73	94	110	130	107
153	100	92	83	127	75	90	130	118	98	89	108	120	105	128	82	98	115	139	109
155	105	94	86	129	80	96	139	124	102	96	116	125	111	130	83	110	125	151	111
156	118	100	112	149	81	102	146	129	117	109	122	126	112	140	86	112	131	159	116
158	128	124	124	152	88	109	153	131	119	121	126	139	113	146	101	113	132	165	134
160	133	134	129	155	111	114	154	138	145	128	145	159	130	162	104	119	154	167	147
161	141	138	132	157	114	140	156	146	169	133	174	171	150	169	115	120	170	168	161
163	142	151	138	165	115	142	166	149	172	140	175	181	151	177	117	131	174	170	164
168	159	152	168	166	122	149	173	150	187	150	193	188	153	198	118	155	182	173	176
181	171	172	172	176	142	158	176	161	198	152	203	190	156	217	127	164	184	183	177
185	177	178	186	181	143	159	187	166	202	154	211	191	179	223	133	173	196	185	178
188	181	183	189	182	161	163	194	179	209	163	230	194	185	224	153	175	206	189	194
193	182	200	199	190	169	165	198	184	214	167	231	203	186	233	156	178	208	199	200
203	186	208	202	191	172	167	207	191	216	196	241	209	189	234	158	189	217	205	207
215	206	210	212	195	174	175	215	210	222	205	243	211	212	243	175	194	224	207	213
217	218	213	215	202	179	199	221	239	226	207	245	228	218	244	184	195	225	236	216
218	219	225	220	210	180	201	222	241	246	208	249	231	219	253	187	206	226	237	236
227	220	226	221	221	190	205	245	248	254	214	271	241	223	259	188	216	234	244	252
236	222	237	232	233	197	209	249	252	256	219	284	245	237	266	190	246	235	247	257
238	239	238	234	235	212	224	265	256	268	220	288	246	238	270	193	247	247	251	259
241	255	252	243	236	230	228	277	261	273	255	289	250	249	277	214	250	248	254	264
248	267	254	244	251	256	232	283	275	274	264	290	255	265	280	231	258	250	259	265
257	281	257	252	261	262	234	288	276	276	268	293	258	269	284	232	260	253	261	267
264	294	278	253	266	271	265	293	282	281	269	296	273	270	286	233	268	258	269	274
267	296	280	260	279	282	277	294	284	285	273	297	274	283	287	251	272	260	272	280
270	297	289	275	280	285	278	297	298	290	283	299	276	285	294	275	278	266	282	281
300	298	300	287	296	288	284	0	300	299	289	0	293	287	297	299	279	281	299	295

expected score
1.0	0.382	0.498	0.615

2.0	0.382	0.501	0.622

3.0	0.397	0.515	0.634

4.0	0.399	0.52	0.64

5.0	0.379	0.499	0.62

6.0	0.377	0.499	0.622

7.0	0.374	0.492	0.612

8.0	0.382	0.503	0.624

9.0	0.381	0.503	0.625

10.0	0.402	0.52	0.638

11.0	0.368	0.487	0.608

12.0	0.39	0.511	0.633

13.0	0.401	0.52	0.638

14.0	0.403	0.525	0.645

15.0	0.388	0.507	0.627

16.0	0.394	0.514	0.635

17.0	0.392	0.509	0.627

18.0	0.4	0.519	0.639

19.0	0.366	0.485	0.606

20.0	0.394	0.511	0.628

Categorical variables
Unit
U12	0	0	0	0	0	0	0	0	0	3	0	0	0	0	0	0	3	0	3	0
U10	0	0	0	0	0	0	0	0	0	2	0	0	2	0	0	0	0	0	0	2
U5	0	0	0	0	0	3	0	3	0	0	0	3	0	0	0	0	0	0	0	0
U4	0	0	0	0	0	0	0	0	0	0	0	0	3	0	0	0	3	3	0	0
U11	0	0	0	0	0	0	3	0	0	0	0	0	3	0	0	0	0	0	0	0
U8	0	0	0	0	0	3	0	0	0	0	0	3	0	0	0	0	0	0	0	0
U2	0	3	0	0	0	0	0	0	3	0	0	0	0	0	0	0	0	0	0	0
U1	0	0	3	0	3	0	0	0	3	0	0	0	0	0	0	0	0	0	0	0
U3	0	0	0	0	0	0	3	0	0	0	3	0	0	0	0	0	0	0	3	0
U9	0	0	0	0	0	0	0	3	0	0	0	3	3	0	0	0	0	0	0	0
U6	0	0	3	0	0	0	0	0	0	0	0	0	0	0	0	0	0	0	0	3
U7	0	0	0	0	0	3	0	0	0	0	0	0	0	0	0	0	0	0	0	0

Domain
Numbers	                10	10	10	10	10	10	10	10	10	10	9	10	10	10	9	10	9	10	10	9
Space and Figures	9	10	10	9	10	10	10	10	10	9	10	10	10	10	10	10	10	9	9	9
Data and Forecasting	11	10	11	11	11	11	10	9	11	12	12	10	11	11	11	11	12	12	11	12
Relations and Functions	10	10	9	10	9	9	10	10	9	9	9	9	9	9	10	9	9	9	10	10

Dimension
Knowing	22	24	25	31	26	26	23	24	24	28	24	26	26	30	27	23	29	30	26	32
Problem Solving	13	11	8	5	9	10	12	7	13	4	9	7	12	7	11	11	7	5	7	7
Arguing	5	5	7	4	5	4	5	8	3	8	7	6	2	3	2	6	4	5	7	1

Answer_type
Multiple-Choice	25	28	31	27	30	31	28	30	32	29	30	30	28	29	31	29	26	32	31	25
Matching	7	6	7	9	4	5	8	6	5	7	7	3	6	6	8	6	10	5	7	10
Open-Ended	8	6	2	4	6	4	4	3	3	4	3	6	6	5	1	5	4	3	2	5

Sum variables

Overlap matrix
	1	2	3	4	5	6	7	8	9	10	11	12	13	14	15	16	17	18	19	20
1	40	6	3	3	5	2	4	3	7	1	4	4	6	9	3	6	3	6	4	6
2	6	40	1	6	5	1	4	5	5	2	8	5	6	5	6	4	3	5	2	4
3	3	1	40	7	6	3	3	1	12	4	5	2	0	4	4	4	4	5	4	9
4	3	6	7	40	5	5	5	2	5	3	5	2	0	7	6	6	5	5	6	3
5	5	5	6	5	40	4	4	5	10	2	2	4	3	0	3	7	4	5	4	4
6	2	1	3	5	4	40	3	5	4	7	3	8	3	7	5	4	2	6	1	5
7	4	4	3	5	4	3	40	5	3	2	10	4	6	2	7	4	3	2	7	3
8	3	5	1	2	5	5	5	39	2	4	3	12	5	9	8	5	2	2	4	4
9	7	5	12	5	10	4	3	2	40	3	1	4	3	3	3	5	2	5	2	4
10	1	2	4	3	2	7	2	4	3	40	3	6	8	4	6	8	10	2	5	5
11	4	8	5	5	2	3	10	3	1	3	40	2	5	6	4	2	3	3	9	4
12	4	5	2	2	4	8	4	12	4	6	2	39	7	1	4	6	1	2	2	2
13	6	6	0	0	3	3	6	5	3	8	5	7	40	3	0	5	8	5	3	4
14	9	5	4	7	0	7	2	9	3	4	6	1	3	40	6	3	5	0	7	3
15	3	6	4	6	3	5	7	8	3	6	4	4	0	6	40	1	1	6	5	3
16	6	4	4	6	7	4	4	5	5	8	2	6	5	3	1	40	2	7	2	3
17	3	3	4	5	4	2	3	2	2	10	3	1	8	5	1	2	40	8	7	5
18	6	5	5	5	5	6	2	2	5	2	3	2	5	0	6	7	8	40	2	3
19	4	2	4	6	4	1	7	4	2	5	9	2	3	7	5	2	7	2	40	4
20	6	4	9	3	4	5	3	4	4	5	4	2	4	3	3	3	5	3	4	40

Item use
8	4.0
13	4.0
14	4.0
19	4.0
21	4.0
24	4.0
30	4.0
59	4.0
64	4.0
67	4.0
69	4.0
73	4.0
75	4.0
80	4.0
83	4.0
84	4.0
92	4.0
105	4.0
118	4.0
130	4.0
131	4.0
153	4.0
156	4.0
159	4.0
161	4.0
172	4.0
175	4.0
181	4.0
189	4.0
190	4.0
194	4.0
207	4.0
234	4.0
236	4.0
241	4.0
252	4.0
265	4.0
280	4.0
281	4.0
284	4.0
297	4.0
299	4.0
2	3.0
6	3.0
7	3.0
9	3.0
11	3.0
12	3.0
15	3.0
16	3.0
17	3.0
18	3.0
20	3.0
22	3.0
23	3.0
25	3.0
26	3.0
27	3.0
28	3.0
31	3.0
32	3.0
34	3.0
36	3.0
37	3.0
38	3.0
39	3.0
43	3.0
44	3.0
47	3.0
48	3.0
49	3.0
51	3.0
52	3.0
53	3.0
54	3.0
55	3.0
61	3.0
62	3.0
63	3.0
65	3.0
66	3.0
72	3.0
74	3.0
76	3.0
77	3.0
79	3.0
81	3.0
82	3.0
85	3.0
86	3.0
88	3.0
89	3.0
90	3.0
91	3.0
93	3.0
96	3.0
98	3.0
100	3.0
101	3.0
104	3.0
107	3.0
108	3.0
109	3.0
111	3.0
112	3.0
114	3.0
115	3.0
117	3.0
119	3.0
122	3.0
124	3.0
125	3.0
126	3.0
127	3.0
128	3.0
129	3.0
133	3.0
138	3.0
139	3.0
140	3.0
142	3.0
146	3.0
149	3.0
150	3.0
151	3.0
152	3.0
154	3.0
155	3.0
158	3.0
163	3.0
165	3.0
166	3.0
167	3.0
168	3.0
169	3.0
173	3.0
174	3.0
176	3.0
177	3.0
178	3.0
179	3.0
182	3.0
184	3.0
185	3.0
186	3.0
187	3.0
188	3.0
191	3.0
193	3.0
198	3.0
199	3.0
202	3.0
203	3.0
205	3.0
206	3.0
208	3.0
209	3.0
210	3.0
212	3.0
214	3.0
215	3.0
216	3.0
217	3.0
218	3.0
219	3.0
220	3.0
221	3.0
222	3.0
224	3.0
226	3.0
231	3.0
232	3.0
233	3.0
237	3.0
238	3.0
243	3.0
244	3.0
245	3.0
246	3.0
247	3.0
248	3.0
249	3.0
250	3.0
251	3.0
253	3.0
254	3.0
255	3.0
256	3.0
257	3.0
258	3.0
259	3.0
260	3.0
261	3.0
264	3.0
266	3.0
267	3.0
268	3.0
269	3.0
270	3.0
273	3.0
274	3.0
275	3.0
276	3.0
277	3.0
278	3.0
282	3.0
283	3.0
285	3.0
287	3.0
288	3.0
289	3.0
293	3.0
294	3.0
296	3.0
300	3.0
1	2.0
5	2.0
29	2.0
33	2.0
35	2.0
45	2.0
50	2.0
56	2.0
57	2.0
68	2.0
70	2.0
71	2.0
87	2.0
94	2.0
97	2.0
99	2.0
102	2.0
110	2.0
113	2.0
116	2.0
120	2.0
121	2.0
132	2.0
134	2.0
141	2.0
145	2.0
164	2.0
170	2.0
171	2.0
183	2.0
195	2.0
196	2.0
200	2.0
211	2.0
213	2.0
223	2.0
225	2.0
228	2.0
230	2.0
235	2.0
239	2.0
271	2.0
272	2.0
279	2.0
290	2.0
298	2.0
4	1.0
40	1.0
41	1.0
42	1.0
46	1.0
58	1.0
95	1.0
143	1.0
147	1.0
157	1.0
160	1.0
162	1.0
180	1.0
197	1.0
201	1.0
227	1.0
262	1.0
286	1.0
295	1.0
3	0.0
10	0.0
60	0.0
78	0.0
103	0.0
106	0.0
123	0.0
135	0.0
136	0.0
137	0.0
144	0.0
148	0.0
192	0.0
204	0.0
229	0.0
240	0.0
242	0.0
263	0.0
291	0.0
292	0.0
