Length
1	2	3	4	5	6	7	8	9	10	11	12	13	14	15	16	17	18	19	20
45	45	46	45	45	45	45	46	45	45	45	45	45	45	45	45	45	45	45	45

design
13	3	2	2	1	3	21	23	21	3	5	9	6	12	1	35	2	9	12	1
18	4	8	6	13	4	31	25	28	4	9	10	8	19	30	41	7	10	20	7
22	13	14	7	14	5	32	40	37	5	10	11	22	20	45	44	23	11	38	14
27	19	35	8	15	6	37	48	61	15	11	23	27	24	62	54	26	28	48	21
29	22	54	15	16	12	42	49	76	16	33	31	40	29	63	55	33	33	49	26
32	28	55	16	17	18	43	50	87	17	34	45	47	35	76	56	39	34	50	30
34	29	56	17	24	19	44	60	88	25	36	52	48	36	80	70	57	53	77	37
36	32	64	18	26	20	45	71	89	31	52	62	49	38	92	78	58	63	81	39
41	42	67	24	30	25	59	78	91	42	69	70	50	46	97	86	65	83	82	57
47	43	71	44	39	27	66	84	97	43	80	75	68	59	99	87	66	90	93	58
51	46	72	47	41	38	70	85	101	58	96	80	73	61	103	88	72	98	94	61
69	52	78	51	46	40	75	90	103	59	98	86	74	69	108	89	79	107	95	64
74	71	86	53	53	54	92	96	104	60	99	92	84	74	111	102	81	114	97	65
91	83	108	62	57	55	102	104	105	81	100	101	87	76	119	116	82	120	109	66
99	85	109	63	64	56	110	107	108	82	115	102	88	77	125	117	115	121	113	67
106	93	117	68	65	60	116	117	111	93	119	119	89	83	129	130	141	123	126	75
112	94	132	72	67	68	125	124	123	94	120	125	90	85	137	132	143	131	127	79
116	95	133	73	79	73	126	130	126	95	121	136	103	96	147	133	148	135	128	104
120	101	134	109	91	77	127	132	127	98	129	137	105	100	150	134	155	144	139	106
121	118	155	113	106	84	128	133	128	113	131	138	118	105	152	136	157	146	142	141
124	145	158	114	110	100	129	134	135	130	140	149	122	107	162	138	158	151	145	148
153	154	182	123	112	111	136	142	144	147	146	163	176	110	177	142	164	153	157	157
154	159	197	124	114	112	137	143	151	165	162	179	185	122	178	149	170	154	159	164
156	160	202	135	115	118	138	149	152	166	168	202	193	131	179	163	183	156	160	170
161	161	204	139	140	122	139	169	153	167	175	207	203	143	180	165	187	168	171	181
174	165	205	144	141	140	147	175	180	169	198	213	216	146	217	166	191	179	172	183
181	166	206	145	148	156	163	176	186	176	199	215	219	150	218	167	192	181	173	187
186	167	210	150	151	178	171	185	190	177	200	221	226	152	221	169	195	186	177	189
190	171	211	155	164	184	172	210	193	191	203	224	228	162	228	182	196	190	178	192
194	172	212	158	170	185	173	211	194	195	214	225	229	168	230	202	197	193	184	196
214	173	213	159	175	188	182	212	203	201	216	232	231	180	232	209	201	198	187	201
227	174	223	160	183	194	184	236	209	207	218	234	249	200	234	210	204	199	188	204
249	188	236	161	189	208	189	239	216	222	219	237	250	214	235	211	205	215	191	205
250	200	260	174	192	217	198	247	217	225	223	238	251	220	240	212	206	218	195	206
251	208	261	197	196	221	199	249	219	242	230	246	258	227	241	213	222	226	207	220
258	228	263	215	222	226	209	250	231	243	234	252	260	230	263	247	223	229	208	224
265	236	268	237	227	229	220	251	235	244	239	253	265	239	264	252	235	231	224	233
266	237	269	238	243	232	233	260	241	245	246	255	270	240	272	261	254	233	225	242
267	238	280	254	244	257	241	261	254	247	256	272	275	257	278	262	256	240	242	243
268	259	292	259	245	265	252	262	255	248	264	287	278	259	280	287	267	246	248	244
269	266	293	269	248	267	253	288	263	262	271	288	282	281	281	288	273	258	253	245
272	268	294	270	256	270	255	289	264	276	282	289	283	282	285	289	274	285	273	271
295	275	295	293	271	275	257	290	266	277	283	290	284	283	286	290	276	296	274	273
298	279	297	296	279	278	287	291	280	279	284	291	286	284	301	291	277	301	276	274
306	285	298	311	306	286	306	297	281	292	305	296	301	311	305	297	293	305	277	298
0	0	299	0	0	0	0	311	0	0	0	0	0	0	0	0	0	0	0	0

expected score
Categorical variables
UNIT
D3	0	2	0	0	0	2	0	0	0	2	0	0	0	0	0	0	0	0	0	0
D8	0	0	0	0	0	0	0	0	0	0	3	3	0	0	0	0	0	3	0	0
D12	0	0	0	3	3	0	0	0	0	3	0	0	0	0	0	0	0	0	0	0
D3b	0	2	0	0	0	0	2	0	0	2	0	0	0	0	0	0	0	0	0	0
D8b	0	0	0	0	0	0	0	3	0	0	0	0	3	0	0	0	0	0	3	0
D12b	0	0	3	0	0	3	0	0	0	0	0	0	0	0	0	3	0	0	0	0
D3c	0	0	0	0	0	0	0	0	0	2	0	0	0	0	0	0	2	0	2	0
D8c	0	0	0	0	0	0	0	0	3	0	0	0	3	0	0	3	0	0	0	0
D12c	0	3	0	0	0	0	0	0	0	3	0	0	0	0	0	0	0	0	3	0
D3d	2	0	0	0	0	0	0	0	0	0	2	0	0	0	0	0	0	2	0	0
D8d	0	0	0	0	0	0	3	0	3	0	0	0	0	0	0	0	0	0	3	0
D12d	0	0	3	0	0	0	0	3	0	0	0	0	0	0	0	3	0	0	0	0
D3e	0	2	0	2	0	0	0	0	0	0	0	0	0	0	0	0	0	0	2	0
D8e	0	3	0	0	0	0	0	0	0	3	0	0	0	0	0	3	0	0	0	0
D12e	0	3	0	0	0	0	3	0	0	0	0	0	0	0	0	0	0	0	3	0
D3f	0	0	0	0	0	0	2	0	0	0	2	0	0	0	0	0	0	2	0	0
D8f	0	0	3	0	0	0	0	0	0	0	0	0	0	0	0	0	3	0	0	3
D12f	0	0	3	0	0	0	0	3	0	0	0	0	0	0	0	3	0	0	0	0
D3g	0	2	0	2	0	0	0	0	0	0	0	2	0	0	0	0	0	0	0	0
D8g	0	0	0	0	3	0	0	0	0	3	0	0	0	0	0	0	0	0	0	3
D12g	3	0	0	0	0	0	0	3	0	0	0	0	3	0	0	0	0	0	0	0
D3h	0	0	0	0	0	0	0	0	0	2	0	0	0	0	0	0	2	0	2	0
D8h	0	0	0	0	0	0	0	0	0	0	3	0	3	3	0	0	0	0	0	0
D12h	0	0	0	0	0	0	0	3	0	0	0	3	0	0	0	3	0	0	0	0

DOMAIN
Numeri	12	5	6	14	10	15	10	8	14	8	12	10	13	18	18	3	12	17	11	13
Dati e previsioni	8	16	19	11	14	10	11	18	12	13	14	14	16	6	11	20	12	11	14	11
Spazio e figure	15	15	13	10	10	13	14	12	11	19	12	13	8	9	10	12	15	10	16	10
Relazioni e funzioni	10	9	8	10	11	7	10	8	8	5	7	8	8	12	6	10	6	7	4	11

DIMENSION
Conoscere	25	26	28	25	24	25	28	28	24	28	27	28	22	26	26	28	26	22	31	27
Risolvere problemi	14	17	15	14	14	14	14	15	14	14	15	15	15	14	14	14	14	14	14	14
Argomentare	6	2	3	6	7	6	3	3	7	3	3	2	8	5	5	3	5	9	0	4

Sum variables

Overlap matrix
	1	2	3	4	5	6	7	8	9	10	11	12	13	14	15	16	17	18	19	20
1	45	9	4	7	7	7	3	4	6	0	7	1	9	6	2	2	1	10	0	3
2	9	45	3	8	3	7	6	3	3	11	2	4	4	7	2	3	0	4	11	0
3	4	3	46	9	3	3	1	13	3	1	1	3	2	1	3	18	10	0	1	7
4	7	8	9	45	6	5	2	2	4	4	0	5	6	4	3	1	8	8	6	1
5	7	3	3	6	45	2	3	1	2	9	5	0	0	4	2	1	15	3	1	23
6	7	7	3	5	2	45	2	5	3	5	3	2	16	8	7	3	1	3	8	0
7	3	6	1	2	3	2	45	0	8	5	3	15	0	4	7	11	1	3	9	7
8	4	3	13	2	1	5	0	46	1	7	3	6	12	6	0	20	2	2	4	1
9	6	3	3	4	2	3	8	1	45	0	4	2	10	6	14	4	2	10	4	4
10	0	11	1	4	9	5	5	7	0	45	2	3	1	1	2	7	9	1	15	6
11	7	2	1	0	5	3	3	3	4	2	45	8	6	15	10	0	4	16	0	1
12	1	4	3	5	0	2	15	6	2	3	8	45	0	0	12	15	1	7	4	2
13	9	4	2	6	0	16	0	12	10	1	6	0	45	6	5	3	0	7	3	0
14	6	7	1	4	4	8	4	6	6	1	15	0	6	45	8	1	1	6	4	2
15	2	2	3	3	2	7	7	0	14	2	10	12	5	8	45	0	1	7	3	2
16	2	3	18	1	1	3	11	20	4	7	0	15	3	1	0	45	0	0	1	0
17	1	0	10	8	15	1	1	2	2	9	4	1	0	1	1	0	45	1	10	23
18	10	4	0	8	3	3	3	2	10	1	16	7	7	6	7	0	1	45	0	2
19	0	11	1	6	1	8	9	4	4	15	0	4	3	4	3	1	10	0	45	6
20	3	0	7	1	23	0	7	1	4	6	1	2	0	2	2	0	23	2	6	45

Item use
1	3.0
2	3.0
3	3.0
4	3.0
5	3.0
6	3.0
7	3.0
8	3.0
9	3.0
10	3.0
11	3.0
12	3.0
13	3.0
14	3.0
15	3.0
16	3.0
17	3.0
18	3.0
19	3.0
20	3.0
21	3.0
22	3.0
23	3.0
24	3.0
25	3.0
26	3.0
27	3.0
28	3.0
29	3.0
30	3.0
31	3.0
32	3.0
33	3.0
34	3.0
35	3.0
36	3.0
37	3.0
38	3.0
39	3.0
40	3.0
41	3.0
42	3.0
43	3.0
44	3.0
45	3.0
46	3.0
47	3.0
48	3.0
49	3.0
50	3.0
52	3.0
53	3.0
54	3.0
55	3.0
56	3.0
57	3.0
58	3.0
59	3.0
60	3.0
61	3.0
62	3.0
63	3.0
64	3.0
65	3.0
66	3.0
67	3.0
68	3.0
69	3.0
70	3.0
71	3.0
72	3.0
73	3.0
74	3.0
75	3.0
76	3.0
77	3.0
78	3.0
79	3.0
80	3.0
81	3.0
82	3.0
83	3.0
84	3.0
85	3.0
86	3.0
87	3.0
88	3.0
89	3.0
90	3.0
91	3.0
92	3.0
93	3.0
94	3.0
95	3.0
96	3.0
97	3.0
98	3.0
99	3.0
100	3.0
101	3.0
102	3.0
103	3.0
104	3.0
105	3.0
106	3.0
107	3.0
108	3.0
109	3.0
110	3.0
111	3.0
112	3.0
113	3.0
114	3.0
115	3.0
116	3.0
117	3.0
118	3.0
119	3.0
120	3.0
121	3.0
122	3.0
123	3.0
124	3.0
125	3.0
126	3.0
127	3.0
128	3.0
129	3.0
130	3.0
131	3.0
132	3.0
133	3.0
134	3.0
135	3.0
136	3.0
137	3.0
138	3.0
139	3.0
140	3.0
141	3.0
142	3.0
143	3.0
144	3.0
145	3.0
146	3.0
147	3.0
148	3.0
149	3.0
150	3.0
151	3.0
152	3.0
153	3.0
154	3.0
155	3.0
156	3.0
157	3.0
158	3.0
159	3.0
160	3.0
161	3.0
162	3.0
163	3.0
164	3.0
165	3.0
166	3.0
167	3.0
168	3.0
169	3.0
170	3.0
171	3.0
172	3.0
173	3.0
174	3.0
175	3.0
176	3.0
177	3.0
178	3.0
179	3.0
180	3.0
181	3.0
182	3.0
183	3.0
184	3.0
185	3.0
186	3.0
187	3.0
188	3.0
189	3.0
190	3.0
191	3.0
192	3.0
193	3.0
194	3.0
195	3.0
196	3.0
197	3.0
198	3.0
199	3.0
200	3.0
201	3.0
202	3.0
203	3.0
204	3.0
205	3.0
206	3.0
207	3.0
208	3.0
209	3.0
210	3.0
211	3.0
212	3.0
213	3.0
214	3.0
215	3.0
216	3.0
217	3.0
218	3.0
219	3.0
220	3.0
221	3.0
222	3.0
223	3.0
224	3.0
225	3.0
226	3.0
227	3.0
228	3.0
229	3.0
230	3.0
231	3.0
232	3.0
233	3.0
234	3.0
235	3.0
236	3.0
237	3.0
238	3.0
239	3.0
240	3.0
241	3.0
242	3.0
243	3.0
244	3.0
245	3.0
246	3.0
247	3.0
248	3.0
249	3.0
250	3.0
251	3.0
252	3.0
253	3.0
254	3.0
255	3.0
256	3.0
257	3.0
258	3.0
259	3.0
260	3.0
261	3.0
262	3.0
263	3.0
264	3.0
265	3.0
266	3.0
267	3.0
268	3.0
269	3.0
270	3.0
271	3.0
272	3.0
273	3.0
274	3.0
275	3.0
276	3.0
277	3.0
278	3.0
279	3.0
280	3.0
281	3.0
282	3.0
283	3.0
284	3.0
285	3.0
286	3.0
287	3.0
288	3.0
289	3.0
290	3.0
291	3.0
293	3.0
296	3.0
297	3.0
298	3.0
301	3.0
305	3.0
306	3.0
311	3.0
51	2.0
292	2.0
295	2.0
294	1.0
299	1.0
300	0.0
302	0.0
303	0.0
304	0.0
307	0.0
308	0.0
309	0.0
310	0.0
312	0.0
