Length
1	2	3	4	5	6	7	8	9	10	11	12	13	14
30	30	30	30	30	30	30	30	30	30	30	30	30	30

design
11	22	10	21	1	7	2	30	1	5	2	10	8	13
14	39	15	26	11	19	3	31	4	6	3	13	21	17
16	52	33	55	12	20	5	45	9	25	4	15	41	18
17	56	34	60	16	27	42	47	23	42	6	18	43	20
22	57	35	78	26	28	44	48	24	45	7	19	46	23
25	59	44	79	40	30	49	81	33	78	8	24	51	27
38	61	67	80	41	31	50	82	34	79	9	28	57	29
39	62	84	95	49	32	51	83	35	80	12	40	70	32
46	76	85	116	50	43	54	99	47	81	14	61	76	36
52	96	86	155	60	54	62	100	48	82	29	64	77	37
53	97	92	156	68	55	64	101	53	83	36	72	84	38
56	122	116	172	73	66	93	107	65	92	37	73	85	65
58	134	118	173	74	69	99	145	68	94	58	107	86	94
69	144	124	181	77	111	100	157	113	95	63	108	90	112
88	152	143	187	91	115	101	169	144	110	66	125	96	130
93	162	153	188	127	119	105	175	158	132	72	162	97	143
104	163	154	189	128	129	114	176	166	133	88	163	104	150
112	164	161	211	149	135	134	177	183	137	122	164	115	157
127	180	175	215	165	136	147	178	190	139	130	165	132	159
135	182	176	219	179	168	148	184	192	145	138	170	133	186
136	195	177	221	195	174	161	185	193	147	141	173	150	208
155	204	182	222	202	196	178	206	194	148	149	180	153	214
197	213	196	228	218	210	206	207	215	179	167	181	183	220
200	228	202	231	219	216	207	216	229	184	170	190	191	245
203	230	209	234	220	232	213	226	230	185	171	191	198	258
233	233	212	243	241	239	217	227	257	192	200	198	199	260
249	240	225	247	248	246	235	235	259	193	226	199	214	261
255	258	232	249	252	265	236	236	260	194	227	231	217	263
259	262	242	269	253	266	237	237	261	201	229	252	257	267
268	271	254	272	269	273	245	243	267	234	264	253	265	273

expected score
Categorical variables
UNIT
S032651	0	0	0	0	0	2	0	2	0	0	0	0	0	0
S032665	0	0	3	0	0	0	0	0	3	0	0	0	0	0
S042049	0	0	0	0	0	0	0	2	2	0	0	0	0	0
S042051	0	0	0	0	2	0	2	0	0	0	0	0	0	0
S042222	0	0	0	3	0	0	0	0	0	3	0	0	0	0
S042228	0	0	0	0	0	0	0	3	0	3	0	0	0	0
S042238	0	0	3	0	0	0	0	0	0	0	0	0	3	0
S042293	0	2	0	0	0	0	0	0	0	0	0	0	2	0
S042300	0	0	0	0	0	0	3	3	0	0	0	0	0	0
S052085	0	0	0	0	0	0	0	0	0	2	0	0	2	0
S052090	2	0	0	0	0	2	0	0	0	0	0	0	0	0
S052112	0	0	0	0	0	0	2	0	0	2	0	0	0	0
S052165	0	3	0	0	0	0	0	0	0	0	0	3	0	0
S052243	0	0	3	0	0	0	0	3	0	0	0	0	0	0
S052263	0	0	0	0	0	0	0	2	0	2	0	0	0	0
S052289	0	0	0	0	0	0	0	0	3	3	0	0	0	0
S052303	0	0	0	0	0	0	0	0	0	0	0	2	2	0
S062024	0	0	0	0	0	0	2	2	0	0	0	0	0	0
S062091	0	0	0	0	0	0	0	2	0	0	2	0	0	0
S062103	0	0	1	0	0	1	0	0	0	0	0	0	0	0
S062116	0	0	0	0	0	0	3	3	0	0	0	0	0	0
S062173	0	0	0	0	2	0	0	0	0	0	0	2	0	0
S062211	0	0	0	0	0	0	0	0	2	0	0	0	0	2

Content_Domain
Biology	8	8	7	11	9	10	16	15	11	14	7	7	11	7
Physics	7	10	13	10	8	9	5	6	2	4	8	12	9	7
Chemistry	11	7	6	7	7	5	4	4	7	5	6	7	5	7
Earth_Science	4	5	4	2	6	6	5	5	10	7	9	4	5	9

Cognitive_Domain
Knowing	16	16	11	10	12	14	9	4	7	3	14	12	14	7
Applying	11	10	7	13	14	10	14	13	12	16	11	9	7	14
Reasoning	3	4	12	7	4	6	7	13	11	11	5	9	9	9

Item_Type
CR	8	12	17	11	10	10	15	21	19	20	8	14	13	13
MC	22	18	13	19	20	20	15	9	11	10	22	16	17	17

Topic
2	12	10	10	10	11	11	11	12	13	13	11	12	11	12
1	11	14	13	14	9	14	12	13	6	15	13	8	13	10
3	3	3	3	6	8	4	4	2	6	1	6	8	3	6
4	4	3	1	0	2	1	3	3	2	1	0	2	3	2
5	0	0	3	0	0	0	0	0	3	0	0	0	0	0

Biology_Knowing
1	5	5	2	4	4	6	2	1	2	2	2	3	4	2
0	25	25	28	26	26	24	28	29	28	28	28	27	26	28

Biology_Applying
0	28	27	29	25	26	28	20	23	26	24	26	28	26	25
1	2	3	1	5	4	2	10	7	4	6	4	2	4	5

Biology_Reasoning
0	29	30	26	28	29	28	26	23	25	24	29	28	27	30
1	1	0	4	2	1	2	4	7	5	6	1	2	3	0

Chemistry_Knowing
0	25	27	26	26	25	27	29	30	28	30	28	28	26	28
1	5	3	4	4	5	3	1	0	2	0	2	2	4	2

Chemistry_Applying
0	24	28	29	28	29	28	28	29	28	27	27	29	30	27
1	6	2	1	2	1	2	2	1	2	3	3	1	0	3

Chemistry_Reasoning
0	30	28	29	29	29	30	29	27	27	28	29	26	29	28
1	0	2	1	1	1	0	1	3	3	2	1	4	1	2

Physics_Knowing
0	28	25	27	29	29	27	26	28	30	30	27	25	28	30
1	2	5	3	1	1	3	4	2	0	0	3	5	2	0

Physics_Applying
0	27	27	25	25	24	26	30	28	30	28	28	25	27	26
1	3	3	5	5	6	4	0	2	0	2	2	5	3	4

Physics_Reasoning
0	28	28	25	26	29	28	29	28	28	28	27	28	26	27
1	2	2	5	4	1	2	1	2	2	2	3	2	4	3

Earth_Knowing
0	26	27	28	29	28	28	28	29	27	29	23	28	26	27
1	4	3	2	1	2	2	2	1	3	1	7	2	4	3

Earth_Applying
0	30	28	30	29	27	28	28	27	24	25	28	29	30	28
1	0	2	0	1	3	2	2	3	6	5	2	1	0	2

Earth_Reasoning
0	30	30	28	30	29	28	29	29	29	29	30	29	29	26
1	0	0	2	0	1	2	1	1	1	1	0	1	1	4

Sum variables

Overlap matrix
	1	2	3	4	5	6	7	8	9	10	11	12	13	14
1	30	5	0	2	3	3	1	0	2	1	4	0	2	3
2	5	30	1	1	1	0	3	0	2	0	1	5	4	1
3	0	1	30	1	1	2	2	3	3	1	0	2	4	1
4	2	1	1	30	4	1	0	1	1	5	0	3	1	0
5	3	1	1	4	30	0	2	0	2	1	2	5	2	1
6	3	0	2	1	0	30	1	3	0	0	2	2	3	4
7	1	3	2	0	2	1	30	9	0	4	2	1	2	1
8	0	0	3	1	0	3	9	30	2	7	2	1	0	1
9	2	2	3	1	2	0	0	2	30	3	3	2	2	5
10	1	0	1	5	1	0	4	7	3	30	1	0	2	1
11	4	1	0	0	2	2	2	2	3	1	30	2	1	4
12	0	5	2	3	5	2	1	1	2	0	2	30	3	2
13	2	4	4	1	2	3	2	0	2	2	1	3	30	2
14	3	1	1	0	1	4	1	1	5	1	4	2	2	30

Item use
1	2.0
2	2.0
3	2.0
4	2.0
5	2.0
6	2.0
7	2.0
8	2.0
9	2.0
10	2.0
11	2.0
12	2.0
13	2.0
14	2.0
15	2.0
16	2.0
17	2.0
18	2.0
19	2.0
20	2.0
21	2.0
22	2.0
23	2.0
24	2.0
25	2.0
26	2.0
27	2.0
28	2.0
29	2.0
30	2.0
31	2.0
32	2.0
33	2.0
34	2.0
35	2.0
36	2.0
37	2.0
38	2.0
39	2.0
40	2.0
41	2.0
42	2.0
43	2.0
44	2.0
45	2.0
46	2.0
47	2.0
48	2.0
49	2.0
50	2.0
51	2.0
52	2.0
53	2.0
54	2.0
55	2.0
56	2.0
57	2.0
58	2.0
60	2.0
61	2.0
62	2.0
64	2.0
65	2.0
66	2.0
68	2.0
69	2.0
72	2.0
73	2.0
76	2.0
77	2.0
78	2.0
79	2.0
80	2.0
81	2.0
82	2.0
83	2.0
84	2.0
85	2.0
86	2.0
88	2.0
92	2.0
93	2.0
94	2.0
95	2.0
96	2.0
97	2.0
99	2.0
100	2.0
101	2.0
104	2.0
107	2.0
112	2.0
115	2.0
116	2.0
122	2.0
127	2.0
130	2.0
132	2.0
133	2.0
134	2.0
135	2.0
136	2.0
143	2.0
144	2.0
145	2.0
147	2.0
148	2.0
149	2.0
150	2.0
153	2.0
155	2.0
157	2.0
161	2.0
162	2.0
163	2.0
164	2.0
165	2.0
170	2.0
173	2.0
175	2.0
176	2.0
177	2.0
178	2.0
179	2.0
180	2.0
181	2.0
182	2.0
183	2.0
184	2.0
185	2.0
190	2.0
191	2.0
192	2.0
193	2.0
194	2.0
195	2.0
196	2.0
198	2.0
199	2.0
200	2.0
202	2.0
206	2.0
207	2.0
213	2.0
214	2.0
215	2.0
216	2.0
217	2.0
219	2.0
220	2.0
226	2.0
227	2.0
228	2.0
229	2.0
230	2.0
231	2.0
232	2.0
233	2.0
234	2.0
235	2.0
236	2.0
237	2.0
243	2.0
245	2.0
249	2.0
252	2.0
253	2.0
257	2.0
258	2.0
259	2.0
260	2.0
261	2.0
265	2.0
267	2.0
269	2.0
273	2.0
59	1.0
63	1.0
67	1.0
70	1.0
74	1.0
90	1.0
91	1.0
105	1.0
108	1.0
110	1.0
111	1.0
113	1.0
114	1.0
118	1.0
119	1.0
124	1.0
125	1.0
128	1.0
129	1.0
137	1.0
138	1.0
139	1.0
141	1.0
152	1.0
154	1.0
156	1.0
158	1.0
159	1.0
166	1.0
167	1.0
168	1.0
169	1.0
171	1.0
172	1.0
174	1.0
186	1.0
187	1.0
188	1.0
189	1.0
197	1.0
201	1.0
203	1.0
204	1.0
208	1.0
209	1.0
210	1.0
211	1.0
212	1.0
218	1.0
221	1.0
222	1.0
225	1.0
239	1.0
240	1.0
241	1.0
242	1.0
246	1.0
247	1.0
248	1.0
254	1.0
255	1.0
262	1.0
263	1.0
264	1.0
266	1.0
268	1.0
271	1.0
272	1.0
71	0.0
75	0.0
87	0.0
89	0.0
98	0.0
102	0.0
103	0.0
106	0.0
109	0.0
117	0.0
120	0.0
121	0.0
123	0.0
126	0.0
131	0.0
140	0.0
142	0.0
146	0.0
151	0.0
160	0.0
205	0.0
223	0.0
224	0.0
238	0.0
244	0.0
250	0.0
251	0.0
256	0.0
270	0.0
274	0.0
275	0.0
276	0.0
