Length
1	2	3	4	5	6	7	8	9	10	11	12	13	14	15	16	17	18	19	20
45	45	45	48	46	45	45	45	45	45	47	45	48	45	45	45	45	45	46	48

design
14	2	6	3	1	23	15	7	7	6	9	2	5	15	1	3	8	2	1	5
22	12	12	4	28	27	16	8	19	14	10	13	6	16	20	4	21	3	5	9
24	18	29	7	29	31	17	13	22	25	11	23	12	17	27	8	32	4	15	10
36	23	31	20	32	48	25	18	31	26	14	28	21	18	42	26	53	9	16	11
53	34	46	33	42	49	40	21	41	28	22	35	30	24	43	39	62	10	17	73
66	45	58	34	43	50	59	35	44	37	27	37	34	33	52	40	65	11	19	84
67	47	61	37	54	61	68	39	60	38	30	38	48	38	54	41	72	13	25	103
71	64	63	39	55	76	77	44	78	41	32	44	49	52	55	47	77	24	29	110
80	65	66	48	56	79	96	46	90	45	35	45	50	54	56	51	80	30	33	120
81	90	69	49	58	87	104	52	93	47	53	46	63	55	70	62	84	36	59	121
82	100	72	50	60	88	106	57	94	65	57	51	69	56	76	66	85	42	61	123
101	105	85	51	63	89	107	75	95	70	58	59	78	57	81	76	114	43	68	126
102	111	87	72	64	92	118	86	98	75	74	62	100	60	82	101	115	67	69	127
104	112	88	73	73	109	124	87	100	80	90	67	103	64	83	108	117	68	71	128
113	120	89	84	79	115	129	88	102	92	97	78	105	70	86	135	136	83	74	141
119	121	125	99	91	118	130	89	109	101	102	92	107	74	103	140	137	97	83	148
138	139	126	106	93	120	139	91	124	108	132	98	113	75	105	143	143	104	93	161
150	147	127	116	94	121	141	96	126	109	133	107	117	77	108	145	147	114	94	163
159	156	128	130	95	122	142	97	127	112	134	113	118	79	111	150	157	116	95	170
160	158	132	146	96	131	145	99	128	114	137	135	122	85	144	155	159	119	98	177
178	175	133	149	106	144	155	110	130	117	144	152	142	86	150	157	160	125	110	178
182	180	134	164	111	157	168	116	132	122	159	164	147	91	151	158	161	135	112	185
186	182	136	169	115	163	169	124	133	129	160	171	162	99	170	161	169	136	123	186
187	184	146	170	146	180	176	125	134	131	174	172	164	119	185	165	171	141	138	191
202	200	148	178	149	183	185	140	137	149	183	173	171	129	190	166	172	142	140	207
209	203	153	187	181	195	198	154	138	152	197	175	172	131	191	167	173	145	143	221
214	215	158	195	193	196	199	162	148	154	202	188	173	139	208	174	176	151	153	224
215	216	163	198	194	200	207	177	153	168	207	201	182	151	210	190	177	152	154	226
216	220	179	199	204	214	215	181	165	180	210	225	188	162	211	192	192	156	155	228
220	221	190	209	205	222	227	186	166	188	211	227	189	168	212	197	193	191	165	243
230	222	198	210	206	224	230	194	167	189	212	230	193	176	217	201	194	201	166	244
239	239	199	211	208	225	232	196	179	226	218	231	196	181	222	216	204	203	167	245
241	243	209	212	219	227	233	200	192	248	219	242	202	187	223	254	205	217	179	252
253	244	217	213	235	229	239	223	197	256	220	249	221	189	234	264	206	228	184	255
255	245	219	218	237	231	249	234	204	257	235	250	224	195	237	265	208	264	213	263
257	246	243	232	238	234	250	236	205	268	253	251	226	213	238	270	214	266	225	266
258	274	244	237	246	236	251	242	206	272	261	252	229	240	240	275	223	270	229	267
260	278	245	238	248	242	265	247	233	274	268	254	233	246	241	285	228	273	240	270
262	279	262	253	249	263	279	252	241	275	273	267	235	258	256	288	231	275	248	278
272	288	264	257	250	271	286	254	265	276	292	269	236	261	276	289	232	280	259	282
273	289	272	262	251	276	294	267	269	277	294	287	255	281	277	290	247	285	260	283
282	290	281	268	256	277	299	271	280	291	296	292	258	293	278	295	260	294	263	284
283	304	304	282	259	281	303	299	292	295	298	293	259	295	279	301	285	297	287	287
284	305	308	283	269	293	305	307	305	301	299	296	261	311	296	303	310	298	291	288
303	308	309	284	271	297	307	312	310	306	300	302	274	312	307	306	312	309	300	289
0	0	0	286	301	0	0	0	0	0	304	0	286	0	0	0	0	0	308	290
0	0	0	291	0	0	0	0	0	0	311	0	306	0	0	0	0	0	0	297
0	0	0	309	0	0	0	0	0	0	0	0	311	0	0	0	0	0	0	310

expected score
Categorical variables
UNIT
D3	0	0	0	2	0	0	0	0	0	0	0	0	0	0	0	2	0	2	0	0
D8	0	0	0	0	0	0	0	0	0	0	3	0	0	0	0	0	0	3	0	3
D12	0	0	0	0	0	0	3	0	0	0	0	0	0	3	0	0	0	0	3	0
D3b	0	0	0	0	2	0	0	0	0	0	0	0	0	0	2	0	0	2	0	0
D8b	0	0	0	3	0	3	0	0	0	0	0	0	3	0	0	0	0	0	0	0
D12b	0	0	0	0	3	0	0	0	0	0	0	0	0	3	3	0	0	0	0	0
D3c	2	0	0	0	0	0	0	0	0	0	0	0	0	0	2	0	0	0	0	0
D8c	0	0	3	0	0	3	0	3	0	0	0	0	0	0	0	0	0	0	0	0
D12c	0	0	0	0	3	0	0	0	3	0	0	0	0	0	0	0	0	0	3	0
D3d	0	2	0	0	0	2	0	0	0	0	0	0	0	0	0	0	0	0	0	2
D8d	0	0	3	0	0	0	0	0	3	0	0	0	0	0	0	0	0	0	0	3
D12d	0	0	3	0	0	0	0	0	3	0	3	0	0	0	0	0	0	0	0	0
D3e	2	0	0	0	0	0	0	0	0	0	2	0	0	0	0	0	2	0	0	0
D8e	0	0	0	0	0	0	0	0	3	0	0	0	0	0	0	3	0	0	3	0
D12e	0	0	0	0	0	0	0	0	0	0	0	3	3	0	0	0	3	0	0	0
D3f	0	0	2	2	0	0	2	0	0	0	0	0	0	0	0	0	0	0	0	0
D8f	0	0	0	0	3	0	0	0	3	0	0	0	0	0	0	0	3	0	0	0
D12f	0	0	0	3	0	0	0	0	0	0	3	0	0	0	3	0	0	0	0	0
D3g	0	0	0	2	2	0	0	0	0	0	0	0	0	0	2	0	0	0	0	0
D8g	0	3	3	0	0	0	0	0	0	0	0	0	0	0	0	0	0	0	0	3
D12g	0	0	0	0	3	0	3	0	0	0	0	3	0	0	0	0	0	0	0	0
D3h	0	0	0	0	0	2	0	0	0	2	0	0	0	0	2	0	0	0	0	0
D8h	3	0	0	3	0	0	0	0	0	0	0	0	0	0	0	0	0	0	0	3
D12h	0	3	0	0	0	0	0	0	0	0	0	0	0	0	0	3	0	0	0	3

DOMAIN
Numeri	10	11	13	7	10	12	18	7	9	13	9	12	17	16	8	13	11	14	13	11
Dati e previsioni	10	11	16	17	19	11	9	9	19	11	12	14	10	9	11	18	15	9	14	18
Spazio e figure	18	12	12	18	10	11	12	17	15	11	14	10	12	11	17	8	15	15	8	10
Relazioni e funzioni	7	11	4	6	7	11	6	12	2	10	12	9	9	9	9	6	4	7	11	9

DIMENSION
Conoscere	27	26	26	26	28	28	27	27	27	26	28	28	27	27	28	26	28	26	27	26
Risolvere problemi	14	12	14	18	15	10	15	16	17	14	11	15	13	12	8	16	16	14	14	17
Argomentare	4	7	5	4	3	7	3	2	1	5	8	2	8	6	9	3	1	5	5	5

Sum variables

Overlap matrix
	1	2	3	4	5	6	7	8	9	10	11	12	13	14	15	16	17	18	19	20
1	45	5	4	9	0	1	5	1	4	5	10	3	5	4	4	5	6	6	3	6
2	5	45	7	1	3	6	5	2	3	6	3	4	8	4	5	6	2	3	3	10
3	4	7	45	7	5	7	2	5	10	2	6	1	4	2	2	4	3	5	6	8
4	9	1	7	48	6	4	7	4	2	5	6	3	6	5	7	4	4	4	3	7
5	0	3	5	6	46	3	5	5	8	5	4	5	4	9	11	1	8	2	7	1
6	1	6	7	4	3	45	2	9	2	7	3	7	9	5	7	2	4	1	4	6
7	5	5	2	7	5	2	45	4	5	3	3	7	5	8	3	5	4	6	7	3
8	1	2	5	4	5	9	4	45	3	2	4	8	4	10	5	4	7	4	3	5
9	4	3	10	2	8	2	5	3	45	2	9	5	3	1	1	7	6	1	11	5
10	5	6	2	5	5	7	3	2	2	45	2	7	8	8	5	9	4	3	5	1
11	10	3	6	6	4	3	3	4	9	2	47	3	5	4	6	2	5	8	2	4
12	3	4	1	3	5	7	7	8	5	7	3	45	8	2	1	5	5	6	4	3
13	5	8	4	6	4	9	5	4	3	8	5	8	48	5	2	1	7	2	4	6
14	4	4	2	5	9	5	8	10	1	8	4	2	5	45	8	1	4	3	7	0
15	4	5	2	7	11	7	3	5	1	5	6	1	2	8	45	4	2	6	3	5
16	5	6	4	4	1	2	5	4	7	9	2	5	1	1	4	45	7	9	6	5
17	6	2	3	4	8	4	4	7	6	4	5	5	7	4	2	7	45	4	2	5
18	6	3	5	4	2	1	6	4	1	3	8	6	2	3	6	9	4	45	2	9
19	3	3	6	3	7	4	7	3	11	5	2	4	4	7	3	6	2	2	46	5
20	6	10	8	7	1	6	3	5	5	1	4	3	6	0	5	5	5	9	5	48

Item use
1	3.0
2	3.0
3	3.0
4	3.0
5	3.0
6	3.0
7	3.0
8	3.0
9	3.0
10	3.0
11	3.0
12	3.0
13	3.0
14	3.0
15	3.0
16	3.0
17	3.0
18	3.0
21	3.0
22	3.0
23	3.0
24	3.0
25	3.0
27	3.0
28	3.0
29	3.0
30	3.0
31	3.0
32	3.0
33	3.0
34	3.0
35	3.0
37	3.0
38	3.0
39	3.0
41	3.0
42	3.0
43	3.0
44	3.0
45	3.0
46	3.0
47	3.0
48	3.0
49	3.0
50	3.0
51	3.0
52	3.0
53	3.0
54	3.0
55	3.0
56	3.0
57	3.0
58	3.0
59	3.0
60	3.0
61	3.0
62	3.0
63	3.0
64	3.0
65	3.0
66	3.0
67	3.0
68	3.0
69	3.0
70	3.0
72	3.0
73	3.0
74	3.0
75	3.0
76	3.0
77	3.0
78	3.0
79	3.0
80	3.0
83	3.0
84	3.0
85	3.0
86	3.0
87	3.0
88	3.0
89	3.0
90	3.0
91	3.0
92	3.0
93	3.0
94	3.0
95	3.0
96	3.0
97	3.0
98	3.0
99	3.0
100	3.0
101	3.0
102	3.0
103	3.0
104	3.0
105	3.0
106	3.0
107	3.0
108	3.0
109	3.0
110	3.0
111	3.0
112	3.0
113	3.0
114	3.0
115	3.0
116	3.0
117	3.0
118	3.0
119	3.0
120	3.0
121	3.0
122	3.0
124	3.0
125	3.0
126	3.0
127	3.0
128	3.0
129	3.0
130	3.0
131	3.0
132	3.0
133	3.0
134	3.0
135	3.0
136	3.0
137	3.0
138	3.0
139	3.0
140	3.0
141	3.0
142	3.0
143	3.0
144	3.0
145	3.0
146	3.0
147	3.0
148	3.0
149	3.0
150	3.0
151	3.0
152	3.0
153	3.0
154	3.0
155	3.0
157	3.0
158	3.0
159	3.0
160	3.0
161	3.0
162	3.0
163	3.0
164	3.0
165	3.0
166	3.0
167	3.0
168	3.0
169	3.0
170	3.0
171	3.0
172	3.0
173	3.0
176	3.0
177	3.0
178	3.0
179	3.0
180	3.0
181	3.0
182	3.0
185	3.0
186	3.0
187	3.0
188	3.0
189	3.0
190	3.0
191	3.0
192	3.0
193	3.0
194	3.0
195	3.0
196	3.0
197	3.0
198	3.0
199	3.0
200	3.0
201	3.0
202	3.0
204	3.0
205	3.0
206	3.0
207	3.0
208	3.0
209	3.0
210	3.0
211	3.0
212	3.0
213	3.0
214	3.0
215	3.0
216	3.0
217	3.0
219	3.0
220	3.0
221	3.0
222	3.0
223	3.0
224	3.0
225	3.0
226	3.0
227	3.0
228	3.0
229	3.0
230	3.0
231	3.0
232	3.0
233	3.0
234	3.0
235	3.0
236	3.0
237	3.0
238	3.0
239	3.0
240	3.0
241	3.0
242	3.0
243	3.0
244	3.0
245	3.0
246	3.0
248	3.0
249	3.0
250	3.0
251	3.0
252	3.0
253	3.0
254	3.0
255	3.0
256	3.0
257	3.0
258	3.0
259	3.0
260	3.0
261	3.0
262	3.0
263	3.0
264	3.0
265	3.0
267	3.0
268	3.0
269	3.0
270	3.0
271	3.0
272	3.0
273	3.0
274	3.0
275	3.0
276	3.0
277	3.0
278	3.0
279	3.0
281	3.0
282	3.0
283	3.0
284	3.0
285	3.0
286	3.0
287	3.0
288	3.0
289	3.0
290	3.0
291	3.0
292	3.0
293	3.0
294	3.0
295	3.0
296	3.0
297	3.0
299	3.0
301	3.0
303	3.0
304	3.0
305	3.0
306	3.0
307	3.0
308	3.0
309	3.0
310	3.0
311	3.0
312	3.0
19	2.0
20	2.0
26	2.0
36	2.0
40	2.0
71	2.0
81	2.0
82	2.0
123	2.0
156	2.0
174	2.0
175	2.0
183	2.0
184	2.0
203	2.0
218	2.0
247	2.0
266	2.0
280	2.0
298	2.0
300	2.0
302	1.0
