Length
1	2	3	4	5	6	7	8	9	10	11	12	13	14	15	16	17	18	19	20
46	46	46	46	46	46	46	46	46	46	46	46	46	46	47	46	47	46	46	46

design
6	1	7	2	1	2	9	6	20	15	6	25	7	13	1	9	5	18	5	5
19	3	12	13	2	3	10	8	23	16	23	32	20	41	3	10	28	19	7	14
35	4	13	18	21	4	11	19	39	17	26	38	30	46	4	11	29	31	20	26
36	8	18	21	22	21	15	35	42	23	54	47	39	53	8	12	34	35	32	28
41	9	33	24	26	22	16	36	43	28	55	48	40	57	14	24	38	36	39	29
46	10	40	27	27	24	17	52	47	33	56	49	42	67	15	30	90	63	62	32
48	11	66	30	29	27	51	62	51	52	64	50	43	70	16	33	99	66	65	34
49	12	72	60	31	31	58	63	58	57	76	62	44	72	17	42	103	78	68	47
50	14	75	66	34	37	76	65	61	67	91	65	48	80	25	43	112	79	75	64
57	22	76	73	37	45	81	71	81	70	93	68	49	83	59	46	130	113	77	96
59	25	77	100	38	68	82	78	82	74	94	71	50	86	60	51	131	114	87	112
60	37	80	110	40	69	93	79	84	80	95	73	61	116	83	52	132	118	88	145
63	41	83	116	44	74	94	92	102	86	96	81	71	119	110	53	133	119	89	148
70	44	97	124	45	75	95	93	104	90	97	82	84	123	115	58	134	125	91	150
72	45	99	132	54	85	105	94	105	107	108	84	86	142	162	61	144	138	109	151
73	53	103	133	55	87	106	95	117	115	111	92	92	152	168	67	146	139	135	153
78	54	108	134	56	88	117	102	120	119	136	102	98	158	178	74	153	140	136	157
79	55	110	139	64	89	122	105	121	125	154	104	101	164	180	77	157	141	137	161
87	56	111	145	69	103	129	109	126	132	163	109	104	165	184	90	174	143	146	169
88	59	115	158	85	106	136	111	127	133	180	117	107	166	194	91	183	156	147	174
89	69	116	176	96	124	140	114	128	134	190	130	123	167	207	97	195	164	148	175
98	85	145	179	100	126	149	118	129	142	192	131	131	170	208	98	200	165	150	184
101	100	152	188	106	127	151	122	140	152	198	135	135	171	215	99	201	166	151	186
113	123	156	191	112	128	153	138	147	155	199	137	137	172	217	101	202	167	159	191
114	141	159	193	120	142	177	149	149	164	203	144	144	173	223	107	203	178	160	193
118	143	160	196	121	159	180	168	155	165	204	147	146	179	224	108	209	182	161	197
122	158	162	202	124	160	181	171	156	166	205	150	148	185	235	113	220	185	163	200
130	162	170	210	126	177	184	172	163	167	206	161	154	189	239	120	226	186	169	214
138	171	176	211	127	188	192	173	181	185	227	168	157	216	247	121	228	189	175	220
141	172	179	212	128	196	224	178	187	187	230	169	174	218	252	125	229	194	183	228
143	173	190	213	129	198	225	181	192	215	241	175	182	222	254	155	233	215	191	229
154	176	207	214	139	199	235	187	194	236	247	183	186	240	256	182	234	218	193	231
195	188	208	216	170	210	237	197	235	252	248	201	189	242	257	190	237	236	198	233
203	195	222	219	177	211	238	225	239	255	259	209	197	247	258	216	238	243	199	234
204	204	227	226	196	212	239	236	254	260	261	210	220	252	259	222	241	244	200	237
205	205	230	231	218	243	254	243	255	262	263	211	225	259	260	227	246	245	201	238
206	206	240	232	221	244	256	244	264	266	265	212	228	262	269	230	271	255	202	246
209	213	253	249	249	245	257	245	269	280	288	263	229	266	292	232	273	260	213	257
253	219	267	250	250	249	268	248	275	281	289	264	233	272	293	240	282	262	214	271
261	221	279	251	251	250	270	253	276	291	290	265	234	295	294	248	283	266	219	273
265	272	288	272	258	251	274	258	277	299	291	271	246	299	301	267	284	269	221	282
276	275	289	275	268	268	282	281	281	300	293	273	261	300	307	280	288	276	226	283
277	278	290	278	270	270	283	285	285	302	302	296	263	301	308	287	289	277	231	284
296	279	291	280	274	274	284	286	286	308	304	303	267	307	309	296	290	286	232	298
297	292	293	285	279	278	298	297	287	309	305	304	294	308	310	299	302	294	241	303
305	301	295	304	292	287	311	298	297	310	307	305	306	309	311	300	303	295	264	306
0	0	0	0	0	0	0	0	0	0	0	0	0	0	312	0	306	0	0	0

expected score
Categorical variables
UNIT
D3	0	2	0	0	0	2	0	0	0	0	0	0	0	0	2	0	0	0	0	0
D8	0	3	0	0	0	0	3	0	0	0	0	0	0	0	0	3	0	0	0	0
D12	0	0	0	0	0	0	3	0	0	3	0	0	0	0	3	0	0	0	0	0
D3b	0	0	0	0	0	0	0	0	2	0	0	0	2	0	0	2	0	0	0	0
D8b	3	0	0	0	0	0	0	0	0	0	0	3	3	0	0	0	0	0	0	0
D12b	0	3	0	0	3	0	0	0	0	0	3	0	0	0	0	0	0	0	0	0
D3c	0	0	0	0	0	0	2	0	2	0	0	2	0	0	0	0	0	0	0	0
D8c	3	0	0	0	0	3	0	0	0	0	0	0	0	0	0	0	0	0	3	0
D12c	0	0	0	0	0	0	3	3	0	0	3	0	0	0	0	0	0	0	0	0
D3d	0	0	0	0	2	0	0	0	2	0	0	0	0	0	0	2	0	0	0	0
D8d	0	0	0	0	3	3	0	0	3	0	0	0	0	0	0	0	0	0	0	0
D12d	0	0	0	3	0	0	0	0	0	3	0	0	0	0	0	0	3	0	0	0
D3e	0	0	2	0	0	2	0	0	0	0	0	0	0	0	0	0	0	0	2	0
D8e	0	0	0	0	0	0	0	0	0	3	0	0	0	3	0	0	0	3	0	0
D12e	0	3	0	0	0	0	0	3	0	0	0	0	0	3	0	0	0	0	0	0
D3f	0	0	0	0	0	2	0	0	0	0	2	0	0	0	0	0	0	0	2	0
D8f	3	3	0	0	0	0	0	0	0	0	3	0	0	0	0	0	0	0	0	0
D12f	0	0	0	3	0	3	0	0	0	0	0	3	0	0	0	0	0	0	0	0
D3g	0	0	0	0	0	0	2	0	0	0	0	0	0	0	0	0	2	0	0	2
D8g	0	0	0	0	0	3	0	3	0	0	0	0	0	0	0	0	0	3	0	0
D12g	0	0	0	3	3	3	0	0	0	0	0	0	0	0	0	0	0	0	0	0
D3h	2	0	0	0	0	0	0	0	2	0	0	0	0	0	0	0	0	2	0	0
D8h	0	0	0	0	0	0	3	0	0	0	0	0	0	0	0	0	3	0	0	3
D12h	0	0	3	0	0	0	0	0	0	0	3	0	0	0	0	0	3	0	0	0

DOMAIN
Numeri	10	14	13	11	15	9	13	13	15	7	7	11	16	7	18	12	11	13	11	8
Dati e previsioni	14	17	12	16	13	18	17	13	6	19	16	10	10	17	9	9	13	12	7	13
Spazio e figure	16	7	12	12	13	13	10	10	18	10	14	13	10	9	12	18	13	16	21	14
Relazioni e funzioni	6	8	9	7	5	6	6	10	7	10	9	12	10	13	8	7	10	5	7	11

DIMENSION
Conoscere	23	25	24	30	31	28	27	27	29	29	29	26	26	20	28	27	30	27	31	25
Risolvere problemi	17	15	16	11	8	14	15	13	13	16	12	14	15	21	15	14	11	16	11	17
Argomentare	6	6	6	5	7	4	4	6	4	1	5	6	5	5	4	5	6	3	4	4

Sum variables

Overlap matrix
	1	2	3	4	5	6	7	8	9	10	11	12	13	14	15	16	17	18	19	20
1	46	8	2	2	0	3	1	13	3	2	9	9	7	5	2	5	4	14	3	0
2	8	46	4	9	14	9	3	4	1	0	6	1	2	9	10	5	1	2	3	1
3	2	4	46	8	3	4	1	2	1	5	12	0	3	11	7	12	5	4	5	1
4	2	9	8	46	10	14	0	1	2	4	1	5	1	6	2	5	5	3	9	5
5	0	14	3	10	46	22	6	1	6	0	6	1	2	2	3	2	4	3	1	6
6	3	9	4	14	22	46	5	3	4	2	2	4	0	1	2	3	1	4	9	0
7	1	3	1	0	6	5	46	9	14	3	7	3	1	0	12	5	6	1	2	10
8	13	4	2	1	1	3	9	46	9	4	6	7	4	3	4	2	0	15	3	2
9	3	1	1	2	6	4	14	9	46	5	3	9	7	0	5	9	0	8	5	1
10	2	0	5	4	0	2	3	4	5	46	3	0	2	20	10	11	6	13	0	1
11	9	6	12	1	6	2	7	6	3	3	46	4	3	3	5	7	6	0	6	3
12	9	1	0	5	1	4	3	7	9	0	4	46	12	0	2	1	10	0	15	9
13	7	2	3	1	2	0	1	4	7	2	3	12	46	3	1	9	12	4	7	12
14	5	9	11	6	2	1	0	3	0	20	3	0	3	46	8	8	0	11	0	0
15	2	10	7	2	3	2	12	4	5	10	5	2	1	8	47	0	0	6	0	3
16	5	5	12	5	2	3	5	2	9	11	7	1	9	8	0	46	2	3	3	0
17	4	1	5	5	4	1	6	0	0	6	6	10	12	0	0	2	47	0	8	24
18	14	2	4	3	3	4	1	15	8	13	0	0	4	11	6	3	0	46	0	1
19	3	3	5	9	1	9	2	3	5	0	6	15	7	0	0	3	8	0	46	13
20	0	1	1	5	6	0	10	2	1	1	3	9	12	0	3	0	24	1	13	46

Item use
1	3.0
2	3.0
3	3.0
4	3.0
5	3.0
6	3.0
7	3.0
8	3.0
9	3.0
10	3.0
11	3.0
12	3.0
13	3.0
14	3.0
15	3.0
16	3.0
17	3.0
18	3.0
19	3.0
20	3.0
21	3.0
22	3.0
23	3.0
24	3.0
25	3.0
26	3.0
27	3.0
28	3.0
29	3.0
30	3.0
31	3.0
32	3.0
33	3.0
34	3.0
35	3.0
36	3.0
37	3.0
38	3.0
39	3.0
40	3.0
41	3.0
42	3.0
43	3.0
44	3.0
45	3.0
46	3.0
47	3.0
48	3.0
49	3.0
50	3.0
51	3.0
52	3.0
53	3.0
54	3.0
55	3.0
56	3.0
57	3.0
58	3.0
59	3.0
60	3.0
61	3.0
62	3.0
63	3.0
64	3.0
65	3.0
66	3.0
67	3.0
68	3.0
69	3.0
70	3.0
71	3.0
72	3.0
73	3.0
74	3.0
75	3.0
76	3.0
77	3.0
78	3.0
79	3.0
80	3.0
81	3.0
82	3.0
83	3.0
84	3.0
85	3.0
86	3.0
87	3.0
88	3.0
89	3.0
90	3.0
91	3.0
92	3.0
93	3.0
94	3.0
95	3.0
96	3.0
97	3.0
98	3.0
99	3.0
100	3.0
101	3.0
102	3.0
103	3.0
104	3.0
105	3.0
106	3.0
107	3.0
108	3.0
109	3.0
110	3.0
111	3.0
112	3.0
113	3.0
114	3.0
115	3.0
116	3.0
117	3.0
118	3.0
119	3.0
120	3.0
121	3.0
122	3.0
123	3.0
124	3.0
125	3.0
126	3.0
127	3.0
128	3.0
129	3.0
130	3.0
131	3.0
132	3.0
133	3.0
134	3.0
135	3.0
136	3.0
137	3.0
138	3.0
139	3.0
140	3.0
141	3.0
142	3.0
143	3.0
144	3.0
145	3.0
146	3.0
147	3.0
148	3.0
149	3.0
150	3.0
151	3.0
152	3.0
153	3.0
154	3.0
155	3.0
156	3.0
157	3.0
158	3.0
159	3.0
160	3.0
161	3.0
162	3.0
163	3.0
164	3.0
165	3.0
166	3.0
167	3.0
168	3.0
169	3.0
170	3.0
171	3.0
172	3.0
173	3.0
174	3.0
175	3.0
176	3.0
177	3.0
178	3.0
179	3.0
180	3.0
181	3.0
182	3.0
183	3.0
184	3.0
185	3.0
186	3.0
187	3.0
188	3.0
189	3.0
190	3.0
191	3.0
192	3.0
193	3.0
194	3.0
195	3.0
196	3.0
197	3.0
198	3.0
199	3.0
200	3.0
201	3.0
202	3.0
203	3.0
204	3.0
205	3.0
206	3.0
209	3.0
210	3.0
211	3.0
212	3.0
213	3.0
214	3.0
215	3.0
216	3.0
218	3.0
219	3.0
220	3.0
221	3.0
222	3.0
225	3.0
226	3.0
227	3.0
228	3.0
229	3.0
230	3.0
231	3.0
232	3.0
233	3.0
234	3.0
235	3.0
236	3.0
237	3.0
238	3.0
239	3.0
240	3.0
241	3.0
243	3.0
244	3.0
245	3.0
246	3.0
247	3.0
248	3.0
249	3.0
250	3.0
251	3.0
252	3.0
253	3.0
254	3.0
255	3.0
257	3.0
258	3.0
259	3.0
260	3.0
261	3.0
262	3.0
263	3.0
264	3.0
265	3.0
266	3.0
267	3.0
268	3.0
269	3.0
270	3.0
271	3.0
272	3.0
273	3.0
274	3.0
275	3.0
276	3.0
277	3.0
278	3.0
279	3.0
280	3.0
281	3.0
282	3.0
283	3.0
284	3.0
285	3.0
286	3.0
287	3.0
288	3.0
289	3.0
290	3.0
291	3.0
292	3.0
293	3.0
294	3.0
295	3.0
296	3.0
297	3.0
298	3.0
299	3.0
300	3.0
301	3.0
302	3.0
303	3.0
304	3.0
305	3.0
306	3.0
307	3.0
308	3.0
309	3.0
207	2.0
208	2.0
224	2.0
256	2.0
310	2.0
311	2.0
217	1.0
223	1.0
242	1.0
312	1.0
