Length
1	2	3	4	5	6	7	8	9	10	11	12	13	14	15	16	17	18	19	20
40	42	40	40	40	42	41	41	40	40	41	40	41	42	40	42	40	40	41	40

design
3	23	2	13	2	14	1	13	7	1	5	26	7	15	5	6	1	3	9	2
4	25	3	58	9	18	14	29	9	7	15	27	12	16	15	8	14	4	10	6
5	36	4	65	10	24	37	31	10	12	16	34	19	17	16	26	18	38	11	19
8	39	6	71	11	29	54	41	11	18	17	35	35	25	17	28	20	61	22	48
32	47	13	72	19	31	55	46	20	21	28	36	44	27	27	32	22	63	29	49
37	48	21	74	20	33	56	57	23	30	30	38	54	38	32	36	23	67	33	50
54	49	24	75	21	34	59	60	25	33	39	41	55	47	66	41	37	71	47	73
55	50	28	80	22	46	62	64	40	39	42	46	56	48	79	44	40	78	57	77
56	57	30	98	26	68	74	68	42	42	43	52	62	49	91	45	51	80	86	86
70	59	31	101	34	69	84	69	43	43	58	59	64	50	102	53	60	84	90	93
78	70	45	119	35	72	87	77	44	45	111	61	76	53	108	74	99	93	103	94
92	80	71	120	40	73	88	79	51	58	118	62	81	66	112	75	104	94	104	95
105	87	73	121	51	77	89	83	52	61	119	65	82	76	117	92	107	95	106	97
112	88	98	132	52	79	100	85	53	67	125	66	87	78	125	96	110	100	123	103
120	89	100	133	60	83	112	91	63	81	130	67	88	90	135	122	111	101	131	105
121	97	104	134	63	85	114	98	70	82	138	68	89	97	137	126	113	106	141	126
122	114	111	145	83	93	120	102	81	92	140	69	96	110	147	127	115	110	148	127
129	135	132	152	84	94	121	107	82	115	141	72	139	116	150	128	123	114	155	128
136	144	133	164	86	95	131	108	99	119	146	75	142	117	154	130	141	118	171	151
147	158	134	169	96	102	151	129	106	124	149	85	149	126	175	138	143	142	172	162
165	162	143	177	99	107	155	136	109	136	153	91	154	127	180	140	145	147	173	163
166	163	148	181	103	108	159	137	113	144	156	101	156	128	181	143	148	152	179	178
167	178	149	190	105	109	160	140	115	154	168	109	157	139	193	146	159	161	185	182
171	182	153	191	116	113	165	142	116	157	169	124	165	145	197	151	160	170	186	189
172	189	164	194	123	118	166	144	117	158	176	169	166	157	219	153	170	183	192	203
173	217	191	196	164	129	167	146	122	161	184	170	167	158	240	159	177	187	193	207
207	218	194	198	179	132	174	150	125	168	188	200	184	162	241	160	186	188	195	208
210	222	200	199	181	133	176	152	139	185	190	208	187	163	246	168	192	191	198	210
211	224	216	200	186	134	177	161	155	187	194	225	215	171	247	176	195	196	199	211
212	231	220	203	195	137	192	175	156	215	214	235	220	172	253	179	201	203	201	212
213	237	227	209	201	183	214	183	174	228	217	236	224	173	254	184	202	210	202	221
215	238	243	216	202	188	218	196	204	231	220	239	233	178	255	185	213	211	219	224
217	239	244	227	204	209	222	204	205	233	232	242	234	182	256	190	221	212	227	229
225	243	245	232	205	229	223	205	206	248	235	248	241	189	257	198	223	213	243	237
270	244	259	242	206	236	239	206	222	276	249	249	267	207	258	199	228	225	244	238
288	245	281	288	228	252	247	209	226	277	250	250	276	218	260	214	242	226	245	252
289	276	282	289	229	263	259	221	252	287	251	251	277	231	262	216	287	233	261	255
290	277	283	290	248	266	261	223	253	298	266	261	281	278	263	230	298	234	282	266
298	278	284	295	254	279	291	226	259	305	268	279	305	287	264	232	310	291	283	281
303	288	292	308	260	282	294	234	302	311	291	309	311	293	300	235	312	297	284	305
0	289	0	0	0	283	295	236	0	0	300	0	312	303	0	272	0	0	300	0
0	290	0	0	0	284	0	0	0	0	0	0	0	310	0	278	0	0	0	0

expected score
Categorical variables
UNIT
D3	2	0	2	0	0	0	0	0	0	0	0	0	0	0	0	0	0	2	0	0
D8	0	0	0	0	3	0	0	0	3	0	0	0	0	0	0	0	0	0	3	0
D12	0	0	0	0	0	0	0	0	0	0	3	0	0	3	3	0	0	0	0	0
D3b	0	0	0	0	0	0	0	0	2	2	2	0	0	0	0	0	0	0	0	0
D8b	0	3	0	0	0	0	0	0	0	0	0	0	0	3	0	0	0	0	0	3
D12b	3	0	0	0	0	0	3	0	0	0	0	0	3	0	0	0	0	0	0	0
D3c	0	0	0	0	0	0	0	0	2	2	0	0	2	0	0	0	0	0	0	0
D8c	0	3	0	0	0	0	3	0	0	0	0	0	3	0	0	0	0	0	0	0
D12c	0	0	0	0	0	3	0	0	0	0	0	0	0	0	0	0	0	3	0	3
D3d	2	0	0	2	0	0	2	0	0	0	0	0	0	0	0	0	0	0	0	0
D8d	0	0	0	0	0	0	0	0	0	0	0	0	0	3	0	3	0	0	0	3
D12d	0	0	3	3	0	3	0	0	0	0	0	0	0	0	0	0	0	0	0	0
D3e	0	0	0	0	0	0	2	0	0	0	0	0	0	0	0	2	2	0	0	0
D8e	3	0	0	0	0	0	3	0	0	0	0	0	3	0	0	0	0	0	0	0
D12e	3	0	0	0	0	0	0	0	0	0	0	0	0	3	0	0	0	0	3	0
D3f	0	0	0	2	0	0	0	0	0	0	0	0	0	0	0	2	0	0	2	0
D8f	0	0	0	0	3	0	0	3	3	0	0	0	0	0	0	0	0	0	0	0
D12f	3	0	0	0	0	0	0	0	0	0	0	0	0	0	0	0	0	3	0	3
D3g	0	2	0	0	0	0	0	0	0	0	0	0	0	0	0	0	0	0	0	2
D8g	0	3	3	0	0	0	0	0	0	0	0	0	0	0	0	0	0	0	3	0
D12g	0	0	0	0	0	0	0	0	0	0	3	3	0	0	0	0	0	0	0	0
D3h	0	2	0	0	0	0	0	0	0	2	0	0	2	0	0	0	0	0	0	0
D8h	0	0	3	0	0	3	0	0	0	0	0	0	0	0	0	0	0	0	3	0
D12h	3	3	0	3	0	0	0	0	0	0	0	0	0	0	0	0	0	0	0	0

DOMAIN
Numeri	8	8	8	5	11	14	9	13	8	12	10	11	7	11	14	11	11	12	11	6
Dati e previsioni	16	17	12	12	9	12	13	8	9	7	12	9	14	18	9	9	8	10	16	14
Spazio e figure	8	9	12	15	12	8	11	12	14	13	11	12	12	5	9	14	13	8	6	12
Relazioni e funzioni	8	8	8	8	8	8	8	8	9	8	8	8	8	8	8	8	8	10	8	8

DIMENSION
Conoscere	32	23	19	27	18	25	22	23	24	28	24	23	24	24	21	26	29	26	20	21
Risolvere problemi	6	16	17	12	15	10	14	15	14	10	13	12	17	15	10	12	8	10	15	13
Argomentare	2	3	4	1	7	7	5	3	2	2	4	5	0	3	9	4	3	4	6	6

Sum variables

Overlap matrix
	1	2	3	4	5	6	7	8	9	10	11	12	13	14	15	16	17	18	19	20
1	40	5	2	5	1	1	10	2	2	4	2	1	7	6	4	4	3	9	3	5
2	5	42	3	4	0	0	8	2	4	6	2	3	6	15	1	2	1	2	5	12
3	2	3	40	12	3	9	2	3	1	3	7	1	3	0	0	6	4	5	9	4
4	5	4	12	40	2	5	5	5	0	2	6	7	0	1	1	7	3	7	3	1
5	1	0	3	2	40	3	1	5	13	3	0	5	3	1	3	3	12	2	12	6
6	1	0	9	5	3	42	1	17	3	2	3	9	0	0	5	0	4	6	5	8
7	10	8	2	5	1	1	41	1	4	1	3	4	10	1	2	6	8	4	4	1
8	2	2	3	5	5	17	1	41	4	3	2	7	3	0	7	3	4	7	2	2
9	2	4	1	0	13	3	4	4	40	6	4	2	6	5	3	3	7	3	5	1
10	4	6	3	2	3	2	1	3	6	40	7	4	13	4	1	4	6	5	2	1
11	2	2	7	6	0	3	3	2	4	7	41	5	4	3	6	13	2	3	2	1
12	1	3	1	7	5	9	4	7	2	4	5	40	2	3	3	5	2	6	1	1
13	7	6	3	0	3	0	10	3	6	13	4	2	41	3	2	3	1	4	0	4
14	6	15	0	1	1	0	1	0	5	4	3	3	3	42	6	5	4	3	5	13
15	4	1	0	1	3	5	2	7	3	1	6	3	2	6	40	1	0	1	3	1
16	4	2	6	7	3	0	6	3	3	4	13	5	3	5	1	42	3	0	4	5
17	3	1	4	3	12	4	8	4	7	6	2	2	1	4	0	3	40	3	10	1
18	9	2	5	7	2	6	4	7	3	5	3	6	4	3	1	0	3	40	1	7
19	3	5	9	3	12	5	4	2	5	2	2	1	0	5	3	4	10	1	41	2
20	5	12	4	1	6	8	1	2	1	1	1	1	4	13	1	5	1	7	2	40

Item use
1	3.0
2	3.0
3	3.0
4	3.0
5	3.0
6	3.0
7	3.0
9	3.0
10	3.0
11	3.0
13	3.0
14	3.0
15	3.0
16	3.0
17	3.0
18	3.0
19	3.0
20	3.0
21	3.0
22	3.0
23	3.0
25	3.0
26	3.0
27	3.0
28	3.0
29	3.0
30	3.0
31	3.0
32	3.0
33	3.0
34	3.0
35	3.0
36	3.0
37	3.0
38	3.0
39	3.0
40	3.0
41	3.0
42	3.0
43	3.0
44	3.0
45	3.0
46	3.0
47	3.0
48	3.0
49	3.0
50	3.0
51	3.0
52	3.0
53	3.0
54	3.0
55	3.0
56	3.0
57	3.0
58	3.0
59	3.0
60	3.0
61	3.0
62	3.0
63	3.0
66	3.0
67	3.0
68	3.0
69	3.0
70	3.0
71	3.0
72	3.0
73	3.0
74	3.0
75	3.0
77	3.0
78	3.0
79	3.0
80	3.0
81	3.0
82	3.0
83	3.0
84	3.0
85	3.0
86	3.0
87	3.0
88	3.0
89	3.0
91	3.0
92	3.0
93	3.0
94	3.0
95	3.0
96	3.0
97	3.0
98	3.0
99	3.0
100	3.0
101	3.0
102	3.0
103	3.0
104	3.0
105	3.0
106	3.0
107	3.0
108	3.0
109	3.0
110	3.0
111	3.0
112	3.0
113	3.0
114	3.0
115	3.0
116	3.0
117	3.0
118	3.0
119	3.0
120	3.0
121	3.0
122	3.0
123	3.0
125	3.0
126	3.0
127	3.0
128	3.0
129	3.0
132	3.0
133	3.0
134	3.0
136	3.0
137	3.0
139	3.0
140	3.0
141	3.0
142	3.0
143	3.0
144	3.0
145	3.0
146	3.0
147	3.0
148	3.0
149	3.0
151	3.0
152	3.0
153	3.0
154	3.0
155	3.0
156	3.0
157	3.0
158	3.0
159	3.0
160	3.0
161	3.0
162	3.0
163	3.0
164	3.0
165	3.0
166	3.0
167	3.0
168	3.0
169	3.0
170	3.0
171	3.0
172	3.0
173	3.0
176	3.0
177	3.0
178	3.0
179	3.0
181	3.0
182	3.0
183	3.0
184	3.0
185	3.0
186	3.0
187	3.0
188	3.0
189	3.0
190	3.0
191	3.0
192	3.0
194	3.0
195	3.0
196	3.0
198	3.0
199	3.0
200	3.0
201	3.0
202	3.0
203	3.0
204	3.0
205	3.0
206	3.0
207	3.0
209	3.0
210	3.0
211	3.0
212	3.0
213	3.0
214	3.0
215	3.0
216	3.0
217	3.0
218	3.0
220	3.0
221	3.0
222	3.0
223	3.0
224	3.0
225	3.0
226	3.0
227	3.0
228	3.0
229	3.0
231	3.0
232	3.0
233	3.0
234	3.0
235	3.0
236	3.0
239	3.0
242	3.0
243	3.0
244	3.0
245	3.0
248	3.0
252	3.0
259	3.0
261	3.0
266	3.0
276	3.0
277	3.0
278	3.0
281	3.0
282	3.0
283	3.0
284	3.0
287	3.0
288	3.0
289	3.0
290	3.0
291	3.0
298	3.0
300	3.0
305	3.0
8	2.0
12	2.0
24	2.0
64	2.0
65	2.0
76	2.0
90	2.0
124	2.0
130	2.0
131	2.0
135	2.0
138	2.0
150	2.0
174	2.0
175	2.0
193	2.0
208	2.0
219	2.0
237	2.0
238	2.0
241	2.0
247	2.0
249	2.0
250	2.0
251	2.0
253	2.0
254	2.0
255	2.0
260	2.0
263	2.0
279	2.0
295	2.0
303	2.0
310	2.0
311	2.0
312	2.0
180	1.0
197	1.0
230	1.0
240	1.0
246	1.0
256	1.0
257	1.0
258	1.0
262	1.0
264	1.0
267	1.0
268	1.0
270	1.0
272	1.0
292	1.0
293	1.0
294	1.0
297	1.0
302	1.0
308	1.0
309	1.0
265	0.0
269	0.0
271	0.0
273	0.0
274	0.0
275	0.0
280	0.0
285	0.0
286	0.0
296	0.0
299	0.0
301	0.0
304	0.0
306	0.0
307	0.0
