Length
1	2	3	4	5	6	7	8	9	10	11	12	13	14	15	16	17	18	19	20
40	40	40	40	40	40	40	40	40	40	40	40	40	40	40	40	40	40	40	40

design
4	3	1	2	5	11	7	5	4	4	28	1	9	7	3	2	17	1	8	9
16	14	2	6	12	13	8	11	6	5	29	12	11	9	6	14	19	3	26	12
20	19	18	7	15	16	23	23	19	8	30	15	15	13	27	18	30	21	28	22
36	25	20	18	22	17	27	31	22	13	31	20	16	21	32	23	50	26	31	24
45	28	27	24	25	24	33	34	35	14	37	25	21	30	42	35	52	34	32	29
48	36	32	26	29	34	44	39	61	17	53	39	33	76	43	37	57	35	37	33
51	39	40	46	52	42	55	43	66	42	59	40	36	84	47	38	64	40	49	45
67	43	62	50	53	56	71	44	67	56	62	45	56	128	49	44	69	47	55	50
72	58	74	52	54	70	73	48	68	69	63	54	64	134	51	47	72	49	63	68
82	61	75	57	61	79	79	59	69	75	66	80	65	140	53	48	77	51	76	71
88	63	83	70	68	94	87	65	81	80	96	86	70	141	57	54	81	58	89	75
92	65	118	79	74	108	96	77	108	84	107	92	71	145	58	55	85	66	104	82
93	73	119	94	83	116	101	85	109	92	110	93	81	153	62	59	86	67	117	87
98	76	125	98	84	122	107	91	118	100	111	105	87	162	72	64	93	73	132	88
115	80	140	104	86	124	114	104	120	101	114	112	94	165	74	77	96	82	142	100
116	89	143	112	89	127	118	130	128	102	121	115	105	178	91	83	110	102	146	102
120	100	145	119	91	159	154	132	131	117	124	126	109	181	98	85	120	105	149	125
129	109	156	129	126	162	167	133	150	127	138	131	110	182	101	88	121	107	155	126
150	111	163	134	130	166	169	138	153	131	142	141	125	195	117	108	129	112	157	127
151	122	171	143	132	174	172	139	156	133	151	142	133	200	122	111	130	114	168	138
152	162	178	144	165	179	182	149	157	140	158	144	161	213	124	119	134	115	169	139
153	168	185	155	170	180	186	155	164	145	163	146	172	219	141	121	143	116	172	171
154	169	187	171	174	181	193	158	189	146	165	159	184	222	174	128	147	139	185	180
157	173	191	175	176	184	202	180	191	152	166	160	199	224	186	149	150	154	187	182
160	175	202	183	179	197	205	190	198	159	167	161	204	233	187	151	152	156	203	184
166	177	207	200	195	208	214	194	203	176	173	164	212	235	196	161	160	158	212	194
168	188	209	201	199	217	220	197	209	179	189	175	219	238	208	173	163	176	215	197
181	217	222	204	201	228	221	198	225	185	202	177	233	241	214	178	167	177	226	201
186	218	225	206	208	231	222	207	228	193	205	188	238	249	215	190	183	203	243	219
190	226	233	207	214	232	223	210	230	195	247	189	239	251	223	193	188	212	249	221
191	236	234	213	218	239	224	216	231	209	250	196	240	280	231	206	194	221	250	225
215	237	244	216	220	244	236	240	247	226	258	199	243	282	235	210	200	252	251	230
224	246	256	234	223	253	241	250	253	254	268	206	246	284	238	217	204	256	258	232
232	255	268	239	230	262	243	258	264	257	277	216	264	285	248	218	205	257	259	245
234	264	272	252	237	267	253	261	265	259	283	220	266	287	252	236	210	266	270	256
235	282	275	255	240	270	254	262	266	261	285	241	270	290	254	251	213	267	272	262
244	283	280	265	245	277	259	276	271	274	288	245	281	294	260	257	237	268	275	271
246	284	281	294	269	283	269	281	272	276	289	280	286	296	265	260	247	274	276	274
255	285	282	295	271	287	297	287	277	289	290	284	298	297	267	294	260	275	288	293
261	288	295	298	293	298	300	299	300	290	295	293	299	299	269	296	300	296	289	297

expected score
1.0	0.409	0.527	0.645

2.0	0.379	0.5	0.621

3.0	0.399	0.52	0.64

4.0	0.381	0.498	0.615

5.0	0.401	0.52	0.638

6.0	0.396	0.517	0.638

7.0	0.389	0.507	0.626

8.0	0.374	0.494	0.613

9.0	0.39	0.51	0.629

10.0	0.405	0.525	0.644

11.0	0.376	0.494	0.614

12.0	0.386	0.505	0.624

13.0	0.378	0.496	0.614

14.0	0.37	0.49	0.611

15.0	0.416	0.534	0.65

16.0	0.382	0.502	0.622

17.0	0.386	0.506	0.626

18.0	0.417	0.535	0.652

19.0	0.393	0.511	0.63

20.0	0.403	0.521	0.638

Categorical variables
Unit
U12	0	0	3	3	0	0	0	0	0	0	0	0	0	0	0	3	0	0	0	0
U10	0	0	0	0	0	0	2	2	0	0	0	0	0	0	0	2	0	0	0	0
U5	0	3	0	0	0	0	0	0	0	0	3	0	0	0	0	0	0	0	3	0
U4	0	0	0	0	0	0	0	3	0	0	3	0	0	0	0	0	0	0	3	0
U11	0	0	0	0	0	0	3	0	0	0	0	0	3	0	0	0	0	0	0	3
U8	0	0	0	0	3	0	0	0	3	0	0	0	0	0	0	0	0	0	0	3
U2	0	0	0	3	0	3	0	0	0	0	0	0	3	0	0	0	0	0	0	0
U1	0	0	0	0	0	0	0	3	0	0	0	0	0	0	0	3	3	0	0	0
U3	0	0	0	0	0	0	3	0	0	0	3	0	0	0	0	0	3	0	0	0
U9	0	0	0	0	3	0	0	0	0	0	0	3	0	0	0	0	0	0	0	3
U6	0	0	0	3	0	0	0	0	0	0	0	0	0	3	0	0	3	0	0	0
U7	0	0	0	0	0	3	0	3	0	0	0	0	0	0	0	0	0	0	0	3

Domain
Numbers	10	10	10	10	10	10	10	10	10	10	10	10	10	10	10	10	10	10	10	10
Space and Figures	10	10	10	10	10	10	10	10	10	10	9	10	10	10	10	10	10	10	10	10
Data and Forecasting	14	13	11	13	16	16	11	11	11	10	15	7	13	9	17	11	11	14	17	15
Relations and Functions	6	7	9	7	4	4	9	9	9	10	6	13	7	11	3	9	9	6	3	5

Dimension
Knowing	27	23	29	30	24	26	26	24	28	28	30	28	28	27	22	32	28	25	23	26
Problem Solving	9	12	7	7	7	9	8	13	10	5	6	7	9	10	10	7	5	15	12	8
Arguing	4	5	4	3	9	5	6	3	2	7	4	5	3	3	8	1	7	0	5	6

Answer_type
Multiple-Choice	25	27	30	26	30	27	30	27	29	29	35	31	27	27	26	34	29	29	30	33
Matching	7	7	5	12	6	10	7	9	6	6	5	2	7	8	6	4	9	9	7	3
Open-Ended	8	6	5	2	4	3	3	4	5	5	0	7	6	5	8	2	2	2	3	4

Sum variables

Overlap matrix
	1	2	3	4	5	6	7	8	9	10	11	12	13	14	15	16	17	18	19	20
1	40	4	4	4	0	6	3	3	7	4	2	6	3	4	6	4	7	6	3	4
2	4	40	1	2	5	4	3	3	4	4	7	7	5	5	4	6	3	4	8	1
3	4	1	40	8	2	1	4	2	6	5	5	4	3	7	5	5	2	6	5	5
4	4	2	8	40	2	6	2	4	2	0	1	5	5	5	5	5	10	3	3	4
5	0	5	2	2	40	3	4	5	5	5	3	10	3	3	8	3	4	1	2	10
6	6	4	1	6	3	40	2	6	5	7	4	1	9	4	7	2	1	3	1	7
7	3	3	4	2	4	2	40	2	3	5	6	2	5	6	7	5	4	5	6	6
8	3	3	2	4	5	6	2	40	1	4	6	2	6	2	2	9	5	3	8	6
9	7	4	6	2	5	5	3	1	40	4	4	3	4	2	3	3	7	6	3	5
10	4	4	5	0	5	7	5	4	4	40	2	5	2	6	4	3	3	4	8	5
11	2	7	5	1	3	4	6	6	4	2	40	2	1	4	3	6	8	5	9	2
12	6	7	4	5	10	1	2	2	3	5	2	40	4	4	2	3	4	6	2	5
13	3	5	3	5	3	9	5	6	4	2	1	4	40	6	1	2	4	4	4	7
14	4	5	7	5	3	4	6	2	2	6	4	4	6	40	3	5	4	2	3	4
15	6	4	5	5	8	7	7	2	3	4	3	2	1	3	40	2	3	7	5	0
16	4	6	5	5	3	2	5	9	3	3	6	3	2	5	2	40	6	4	4	1
17	7	3	2	10	4	1	4	5	7	3	8	4	4	4	3	6	40	0	0	2
18	6	4	6	3	1	3	5	3	6	4	5	6	4	2	7	4	0	40	5	6
19	3	8	5	3	2	1	6	8	3	8	9	2	4	3	5	4	0	5	40	0
20	4	1	5	4	10	7	6	6	5	5	2	5	7	4	0	1	2	6	0	40

Item use
1	3.0
2	3.0
3	3.0
4	3.0
5	3.0
6	3.0
7	3.0
8	3.0
9	3.0
11	3.0
12	3.0
13	3.0
14	3.0
15	3.0
16	3.0
17	3.0
18	3.0
19	3.0
20	3.0
21	3.0
22	3.0
23	3.0
24	3.0
25	3.0
26	3.0
27	3.0
28	3.0
29	3.0
30	3.0
31	3.0
32	3.0
33	3.0
34	3.0
35	3.0
36	3.0
37	3.0
39	3.0
40	3.0
42	3.0
43	3.0
44	3.0
45	3.0
47	3.0
48	3.0
49	3.0
50	3.0
51	3.0
52	3.0
53	3.0
54	3.0
55	3.0
56	3.0
57	3.0
58	3.0
59	3.0
61	3.0
62	3.0
63	3.0
64	3.0
65	3.0
66	3.0
67	3.0
68	3.0
69	3.0
70	3.0
71	3.0
72	3.0
73	3.0
74	3.0
75	3.0
76	3.0
77	3.0
79	3.0
80	3.0
81	3.0
82	3.0
83	3.0
84	3.0
85	3.0
86	3.0
87	3.0
88	3.0
89	3.0
91	3.0
92	3.0
93	3.0
94	3.0
96	3.0
98	3.0
100	3.0
101	3.0
102	3.0
104	3.0
105	3.0
107	3.0
108	3.0
109	3.0
110	3.0
111	3.0
112	3.0
114	3.0
115	3.0
116	3.0
117	3.0
118	3.0
119	3.0
120	3.0
121	3.0
122	3.0
124	3.0
125	3.0
126	3.0
127	3.0
128	3.0
129	3.0
130	3.0
131	3.0
132	3.0
133	3.0
134	3.0
138	3.0
139	3.0
140	3.0
141	3.0
142	3.0
143	3.0
145	3.0
146	3.0
149	3.0
150	3.0
151	3.0
152	3.0
153	3.0
154	3.0
155	3.0
156	3.0
157	3.0
158	3.0
159	3.0
160	3.0
161	3.0
162	3.0
163	3.0
165	3.0
166	3.0
167	3.0
168	3.0
169	3.0
171	3.0
172	3.0
173	3.0
174	3.0
175	3.0
176	3.0
177	3.0
178	3.0
179	3.0
180	3.0
181	3.0
182	3.0
184	3.0
185	3.0
186	3.0
187	3.0
188	3.0
189	3.0
190	3.0
191	3.0
193	3.0
194	3.0
195	3.0
197	3.0
199	3.0
200	3.0
201	3.0
202	3.0
203	3.0
204	3.0
205	3.0
206	3.0
207	3.0
208	3.0
209	3.0
210	3.0
212	3.0
213	3.0
214	3.0
215	3.0
216	3.0
217	3.0
218	3.0
219	3.0
220	3.0
221	3.0
222	3.0
223	3.0
224	3.0
225	3.0
226	3.0
230	3.0
231	3.0
232	3.0
233	3.0
234	3.0
235	3.0
236	3.0
237	3.0
238	3.0
239	3.0
240	3.0
241	3.0
243	3.0
244	3.0
245	3.0
246	3.0
247	3.0
250	3.0
251	3.0
252	3.0
253	3.0
254	3.0
255	3.0
256	3.0
257	3.0
258	3.0
259	3.0
260	3.0
261	3.0
262	3.0
264	3.0
265	3.0
266	3.0
267	3.0
268	3.0
269	3.0
270	3.0
271	3.0
272	3.0
274	3.0
275	3.0
276	3.0
277	3.0
280	3.0
281	3.0
282	3.0
283	3.0
284	3.0
285	3.0
287	3.0
288	3.0
289	3.0
290	3.0
293	3.0
294	3.0
295	3.0
296	3.0
297	3.0
298	3.0
299	3.0
300	3.0
144	2.0
164	2.0
183	2.0
196	2.0
198	2.0
228	2.0
249	2.0
38	1.0
46	1.0
147	1.0
170	1.0
248	1.0
286	1.0
10	0.0
41	0.0
60	0.0
78	0.0
90	0.0
95	0.0
97	0.0
99	0.0
103	0.0
106	0.0
113	0.0
123	0.0
135	0.0
136	0.0
137	0.0
148	0.0
192	0.0
211	0.0
227	0.0
229	0.0
242	0.0
263	0.0
273	0.0
278	0.0
279	0.0
291	0.0
292	0.0
