Length
1	2	3	4	5	6	7	8	9	10	11	12	13	14
30	30	30	30	30	30	30	30	30	30	30	30	30	30

design
14	5	11	7	1	1	3	2	4	4	14	2	3	44
19	8	12	9	10	16	6	8	5	6	18	7	18	55
21	28	13	13	11	20	9	47	10	24	26	27	41	70
22	29	15	45	12	27	25	48	15	36	30	36	43	95
25	37	16	63	17	32	30	49	23	40	31	37	46	96
28	41	17	68	19	38	31	50	29	51	38	42	54	97
52	92	20	73	21	39	32	58	39	65	40	44	56	99
57	93	33	84	22	49	33	60	47	73	42	45	66	100
58	118	34	85	23	50	34	61	48	78	43	46	67	101
99	124	35	86	24	52	35	62	53	79	57	51	68	107
100	141	53	125	26	75	55	92	76	80	60	59	69	108
101	144	59	126	54	81	56	129	81	89	61	64	93	110
117	156	64	130	75	82	84	130	82	91	62	65	105	114
135	171	104	144	98	83	85	132	83	114	63	77	118	117
136	179	115	155	115	111	86	133	102	116	66	95	138	145
159	180	119	162	116	143	96	141	112	135	74	119	139	154
165	190	128	163	151	146	97	147	123	136	78	122	153	155
171	209	151	164	157	157	105	148	161	142	79	123	174	170
184	224	158	168	165	192	111	153	162	147	80	124	191	180
185	231	205	170	167	193	127	161	163	148	89	125	224	196
186	245	217	218	168	194	128	182	164	154	90	126	235	198
206	246	226	235	178	198	129	192	191	179	104	145	236	199
207	252	227	236	184	199	175	193	211	187	132	150	237	201
214	253	228	237	185	201	176	194	234	195	133	152	241	222
226	258	232	242	190	206	177	202	249	218	152	167	242	244
227	260	243	243	195	207	208	210	250	221	175	220	251	252
228	261	260	245	205	210	209	222	255	239	176	225	262	253
269	269	261	254	217	212	211	230	258	249	177	247	266	255
274	273	264	267	246	232	250	247	263	259	200	268	271	266
276	274	268	273	272	233	251	254	271	267	229	275	276	270

expected score
Categorical variables
UNIT
S032651	0	0	0	0	0	0	2	0	0	0	2	0	0	0
S032665	0	0	3	0	0	0	3	0	0	0	0	0	0	0
S042049	0	0	0	0	0	0	0	2	2	0	0	0	0	0
S042051	0	0	0	0	0	2	0	2	0	0	0	0	0	0
S042222	0	0	0	0	0	0	0	0	0	3	3	0	0	0
S042228	0	0	0	0	0	3	0	0	3	0	0	0	0	0
S042238	0	0	0	3	0	0	3	0	0	0	0	0	0	0
S042293	0	0	0	0	0	0	2	0	0	0	0	0	0	2
S042300	3	0	0	0	0	0	0	0	0	0	0	0	0	3
S052085	0	0	0	0	0	0	0	2	0	0	2	0	0	0
S052090	2	0	0	0	0	0	0	0	0	2	0	0	0	0
S052112	0	0	0	0	0	0	0	2	0	2	0	0	0	0
S052165	0	0	0	3	0	0	0	0	3	0	0	0	0	0
S052243	0	0	0	0	0	0	3	0	0	0	3	0	0	0
S052263	2	0	0	0	2	0	0	0	0	0	0	0	0	0
S052289	0	0	0	0	0	3	0	3	0	0	0	0	0	0
S052303	0	0	0	0	0	2	0	0	0	0	0	0	0	2
S062024	2	0	0	0	0	2	0	0	0	0	0	0	0	0
S062091	2	0	2	0	0	0	0	0	0	0	0	0	0	0
S062103	0	0	1	0	0	1	0	0	0	0	0	0	0	0
S062116	0	0	0	3	0	0	0	0	0	0	0	0	3	0
S062173	0	2	0	0	0	0	0	0	0	0	0	0	0	2
S062211	0	2	2	0	0	0	0	0	0	0	0	0	0	0

Content_Domain
Biology	16	8	11	5	11	11	6	10	7	13	13	9	12	9
Physics	4	7	7	16	8	3	11	5	10	3	5	9	7	10
Chemistry	7	7	6	7	6	7	6	7	6	6	7	7	7	6
Earth_Science	3	8	6	2	5	9	7	8	7	8	5	5	4	5

Cognitive_Domain
Knowing	11	12	8	8	11	5	9	11	13	11	12	10	16	9
Applying	13	12	15	10	12	17	8	12	12	13	9	14	9	11
Reasoning	6	6	7	12	7	8	13	7	5	6	9	6	5	10

Item_Type
CR	15	11	11	19	9	16	15	14	15	16	13	12	8	19
MC	15	19	19	11	21	14	15	16	15	14	17	18	22	11

Topic
2	10	7	8	12	14	10	7	9	10	14	10	11	12	13
1	13	15	10	10	12	12	14	12	14	12	15	14	11	10
3	4	8	5	4	2	5	4	8	3	2	4	4	4	6
4	3	0	4	4	2	3	2	1	3	2	1	1	3	1
5	0	0	3	0	0	0	3	0	0	0	0	0	0	0

Biology_Knowing
1	6	4	3	2	4	3	1	3	3	5	4	4	4	1
0	24	26	27	28	26	27	29	27	27	25	26	26	26	29

Biology_Applying
0	23	26	27	30	25	25	28	26	27	24	25	26	25	25
1	7	4	3	0	5	5	2	4	3	6	5	4	5	5

Biology_Reasoning
0	27	30	25	27	28	27	27	27	29	28	26	29	27	27
1	3	0	5	3	2	3	3	3	1	2	4	1	3	3

Chemistry_Knowing
0	27	26	29	28	28	30	27	27	29	29	25	29	24	28
1	3	4	1	2	2	0	3	3	1	1	5	1	6	2

Chemistry_Applying
0	26	28	26	27	29	26	28	28	27	27	29	26	29	29
1	4	2	4	3	1	4	2	2	3	3	1	4	1	1

Chemistry_Reasoning
0	30	29	29	28	27	27	29	28	28	28	29	28	30	27
1	0	1	1	2	3	3	1	2	2	2	1	2	0	3

Physics_Knowing
0	30	28	30	26	29	29	28	27	26	29	29	28	28	26
1	0	2	0	4	1	1	2	3	4	1	1	2	2	4

Physics_Applying
0	29	28	23	24	25	28	28	28	26	29	29	25	27	27
1	1	2	7	6	5	2	2	2	4	1	1	5	3	3

Physics_Reasoning
0	27	27	30	24	28	30	23	30	28	29	27	28	28	27
1	3	3	0	6	2	0	7	0	2	1	3	2	2	3

Earth_Knowing
0	28	28	26	30	26	29	27	28	25	26	28	27	26	28
1	2	2	4	0	4	1	3	2	5	4	2	3	4	2

Earth_Applying
0	29	26	29	29	29	24	28	26	28	27	28	29	30	28
1	1	4	1	1	1	6	2	4	2	3	2	1	0	2

Earth_Reasoning
0	30	28	29	29	30	28	28	28	30	29	29	29	30	29
1	0	2	1	1	0	2	2	2	0	1	1	1	0	1

Sum variables

Overlap matrix
	1	2	3	4	5	6	7	8	9	10	11	12	13	14
1	30	4	3	0	6	3	1	1	0	2	2	0	1	4
2	4	30	2	3	2	0	1	3	3	1	0	2	4	3
3	3	2	30	2	7	3	4	0	2	0	1	4	0	0
4	0	3	2	30	1	0	4	2	3	3	1	4	5	2
5	6	2	7	1	30	3	0	0	2	3	1	1	1	0
6	3	0	3	0	3	30	2	6	4	0	1	1	0	3
7	1	1	4	4	0	2	30	1	2	1	5	0	4	3
8	1	3	0	2	0	6	1	30	3	2	5	2	1	1
9	0	3	2	3	2	4	2	3	30	2	0	1	2	1
10	2	1	0	3	3	0	1	2	2	30	5	3	0	2
11	2	0	1	1	1	1	5	5	0	5	30	2	3	0
12	0	2	4	4	1	1	0	2	1	3	2	30	1	3
13	1	4	0	5	1	0	4	1	2	0	3	1	30	1
14	4	3	0	2	0	3	3	1	1	2	0	3	1	30

Item use
1	2.0
2	2.0
3	2.0
4	2.0
5	2.0
6	2.0
7	2.0
8	2.0
9	2.0
10	2.0
11	2.0
12	2.0
13	2.0
14	2.0
15	2.0
16	2.0
17	2.0
18	2.0
19	2.0
20	2.0
21	2.0
22	2.0
23	2.0
24	2.0
25	2.0
26	2.0
27	2.0
28	2.0
29	2.0
30	2.0
31	2.0
32	2.0
33	2.0
34	2.0
35	2.0
36	2.0
37	2.0
38	2.0
39	2.0
40	2.0
41	2.0
42	2.0
43	2.0
44	2.0
45	2.0
46	2.0
47	2.0
48	2.0
49	2.0
50	2.0
51	2.0
52	2.0
53	2.0
54	2.0
55	2.0
56	2.0
57	2.0
58	2.0
59	2.0
60	2.0
61	2.0
62	2.0
63	2.0
64	2.0
65	2.0
66	2.0
68	2.0
73	2.0
75	2.0
78	2.0
79	2.0
80	2.0
81	2.0
82	2.0
83	2.0
84	2.0
85	2.0
86	2.0
89	2.0
92	2.0
93	2.0
95	2.0
96	2.0
97	2.0
99	2.0
100	2.0
101	2.0
104	2.0
105	2.0
111	2.0
114	2.0
115	2.0
116	2.0
117	2.0
118	2.0
119	2.0
123	2.0
124	2.0
125	2.0
126	2.0
128	2.0
129	2.0
130	2.0
132	2.0
133	2.0
135	2.0
136	2.0
141	2.0
144	2.0
145	2.0
147	2.0
148	2.0
151	2.0
152	2.0
153	2.0
154	2.0
155	2.0
157	2.0
161	2.0
162	2.0
163	2.0
164	2.0
165	2.0
167	2.0
168	2.0
170	2.0
171	2.0
175	2.0
176	2.0
177	2.0
179	2.0
180	2.0
184	2.0
185	2.0
190	2.0
191	2.0
192	2.0
193	2.0
194	2.0
195	2.0
198	2.0
199	2.0
201	2.0
205	2.0
206	2.0
207	2.0
209	2.0
210	2.0
211	2.0
217	2.0
218	2.0
222	2.0
224	2.0
226	2.0
227	2.0
228	2.0
232	2.0
235	2.0
236	2.0
237	2.0
242	2.0
243	2.0
245	2.0
246	2.0
247	2.0
249	2.0
250	2.0
251	2.0
252	2.0
253	2.0
254	2.0
255	2.0
258	2.0
260	2.0
261	2.0
266	2.0
267	2.0
268	2.0
269	2.0
271	2.0
273	2.0
274	2.0
276	2.0
67	1.0
69	1.0
70	1.0
74	1.0
76	1.0
77	1.0
90	1.0
91	1.0
98	1.0
102	1.0
107	1.0
108	1.0
110	1.0
112	1.0
122	1.0
127	1.0
138	1.0
139	1.0
142	1.0
143	1.0
146	1.0
150	1.0
156	1.0
158	1.0
159	1.0
174	1.0
178	1.0
182	1.0
186	1.0
187	1.0
196	1.0
200	1.0
202	1.0
208	1.0
212	1.0
214	1.0
220	1.0
221	1.0
225	1.0
229	1.0
230	1.0
231	1.0
233	1.0
234	1.0
239	1.0
241	1.0
244	1.0
259	1.0
262	1.0
263	1.0
264	1.0
270	1.0
272	1.0
275	1.0
71	0.0
72	0.0
87	0.0
88	0.0
94	0.0
103	0.0
106	0.0
109	0.0
113	0.0
120	0.0
121	0.0
131	0.0
134	0.0
137	0.0
140	0.0
149	0.0
160	0.0
166	0.0
169	0.0
172	0.0
173	0.0
181	0.0
183	0.0
188	0.0
189	0.0
197	0.0
203	0.0
204	0.0
213	0.0
215	0.0
216	0.0
219	0.0
223	0.0
238	0.0
240	0.0
248	0.0
256	0.0
257	0.0
265	0.0
