Length
1	2	3	4	5	6	7	8	9	10	11	12	13	14	15	16	17	18	19	20
48	48	48	48	48	47	48	47	48	48	48	48	48	48	48	48	48	48	48	48

design
3	2	9	2	3	5	27	5	20	19	8	5	13	1	22	6	1	2	7	1
4	3	10	13	4	7	34	12	22	23	18	6	14	6	24	7	21	13	18	8
15	4	11	14	5	9	40	18	29	28	21	26	26	8	32	8	23	22	25	12
16	15	12	46	14	10	41	19	31	35	35	39	37	9	34	25	25	30	26	31
17	16	14	64	18	11	42	27	38	46	60	59	52	10	39	28	28	32	44	33
19	17	37	67	24	27	43	37	52	66	62	65	53	11	44	29	38	34	47	36
20	20	48	71	25	30	51	45	54	68	69	76	54	15	45	32	39	36	51	44
23	32	49	81	30	40	57	58	55	76	70	84	55	16	47	38	41	42	61	46
24	33	50	82	40	61	58	80	56	90	75	90	56	17	53	41	47	43	63	48
27	48	57	84	51	67	86	110	64	91	83	98	73	21	61	57	57	45	72	49
44	49	78	85	58	69	87	111	68	98	93	103	75	29	71	59	59	60	86	50
53	50	79	97	64	75	88	115	70	118	94	120	85	31	72	60	63	64	93	52
62	53	83	109	65	97	89	122	71	119	95	121	96	33	77	65	67	66	94	54
70	66	85	116	66	120	93	126	72	122	103	122	101	36	87	68	74	106	95	55
76	69	90	126	87	121	94	127	73	124	106	131	103	42	88	71	77	107	102	56
80	73	92	127	88	125	95	128	83	125	108	139	105	43	89	77	79	136	104	62
86	78	116	128	89	129	100	139	99	135	111	140	107	47	91	81	81	144	141	84
98	79	122	129	92	132	104	141	102	137	112	170	110	63	96	82	82	147	146	86
102	83	130	136	97	133	108	142	104	140	115	175	118	80	99	92	99	162	154	91
107	92	142	143	101	134	110	153	109	148	116	177	131	96	101	100	105	179	158	100
110	96	145	144	109	135	111	163	138	153	131	179	143	103	118	105	124	180	164	108
123	105	149	157	114	142	123	174	140	161	135	180	145	112	120	106	126	193	165	112
124	114	151	164	117	181	155	184	150	168	138	185	147	119	121	114	127	198	166	139
130	115	153	169	129	185	158	186	151	182	149	188	154	138	125	125	128	199	167	141
131	117	157	182	156	187	162	197	158	200	161	189	155	150	130	144	136	203	188	142
135	119	159	183	164	188	175	200	168	210	178	196	168	162	132	146	137	222	189	148
143	123	160	193	165	192	178	201	170	211	192	202	176	170	133	155	146	225	190	149
144	137	161	194	166	203	197	203	182	212	195	213	178	179	134	157	149	227	192	159
148	147	163	204	167	204	209	226	183	213	197	218	184	180	145	163	151	237	201	160
150	159	164	205	171	205	210	229	188	220	204	220	190	183	169	171	181	238	202	161
156	160	169	206	172	206	211	231	193	221	205	225	198	187	171	172	183	247	215	170
174	165	181	207	173	207	212	234	209	227	206	232	199	189	172	173	196	248	216	177
214	166	200	208	175	214	215	239	223	243	217	242	201	224	173	174	200	259	233	181
215	167	208	213	176	221	221	241	224	244	218	247	209	229	174	177	209	262	237	186
222	176	217	235	186	231	222	247	237	245	224	262	219	246	185	184	210	263	238	190
223	195	228	236	187	240	229	253	238	252	225	264	220	248	194	195	211	273	239	194
226	198	231	239	220	241	233	259	241	261	226	266	223	255	213	208	212	282	243	202
228	199	253	242	243	242	234	260	257	262	227	272	232	273	217	216	214	283	244	203
235	207	267	246	244	259	239	270	261	263	252	273	234	278	222	228	216	284	245	219
248	227	272	249	245	266	252	285	263	265	258	275	236	291	240	249	218	287	255	236
256	233	282	250	246	268	256	286	264	268	260	279	258	298	242	250	219	288	260	240
257	248	283	251	254	275	259	288	288	270	268	282	271	300	255	251	235	289	266	249
258	252	284	253	278	276	264	289	289	294	272	283	286	305	256	257	266	290	276	250
265	254	285	261	291	277	278	290	290	295	276	284	292	307	279	265	271	291	277	251
267	261	292	270	293	301	280	302	298	296	277	287	300	309	280	267	274	293	281	254
275	279	299	274	297	306	298	304	300	303	297	294	302	310	286	274	278	301	287	291
293	280	311	287	299	309	303	307	305	307	305	296	305	311	296	300	285	310	295	292
304	294	312	295	303	0	304	0	309	311	306	310	306	312	297	302	301	312	299	298

expected score
1.0	0.604

2.0	0.612

3.0	0.577

4.0	0.596

5.0	0.601

6.0	0.583

7.0	0.601

8.0	0.541

9.0	0.59

10.0	0.596

11.0	0.571

12.0	0.569

13.0	0.551

14.0	0.573

15.0	0.618

16.0	0.618

17.0	0.618

18.0	0.579

19.0	0.582

20.0	0.603

Categorical variables
UNIT
D3	2	2	0	0	2	0	0	0	0	0	0	0	0	0	0	0	0	0	0	0
D8	0	0	3	0	0	3	0	0	0	0	0	0	0	3	0	0	0	0	0	0
D12	3	3	0	0	0	0	0	0	0	0	0	0	0	3	0	0	0	0	0	0
D3b	0	0	0	0	0	0	2	0	0	0	0	0	0	2	0	0	0	2	0	0
D8b	0	3	3	0	0	0	0	0	0	0	0	0	0	0	0	0	0	0	0	3
D12b	0	0	0	0	0	0	0	0	3	0	0	0	3	0	0	0	0	0	0	3
D3c	0	0	0	2	0	0	0	0	0	0	0	0	0	0	0	2	2	0	0	0
D8c	0	0	0	0	3	0	3	0	0	0	0	0	0	0	3	0	0	0	0	0
D12c	0	0	0	0	0	0	3	0	0	0	3	0	0	0	0	0	0	0	3	0
D3d	0	0	0	0	0	2	0	0	0	0	0	2	0	0	2	0	0	0	0	0
D8d	0	0	0	3	0	0	0	3	0	0	0	0	0	0	0	0	3	0	0	0
D12d	0	0	0	0	0	3	0	0	0	0	0	0	0	0	3	0	0	0	0	0
D3e	0	2	2	0	0	0	0	0	0	0	0	0	0	0	0	0	0	0	0	2
D8e	0	3	0	0	3	0	0	0	0	0	0	0	0	0	0	0	0	0	3	0
D12e	0	0	0	0	3	0	0	0	0	0	0	0	0	0	3	3	0	0	0	0
D3f	0	2	0	0	0	0	0	0	0	0	0	0	2	0	0	0	0	2	0	0
D8f	0	0	0	3	0	3	0	0	0	0	3	0	0	0	0	0	0	0	0	0
D12f	0	0	0	0	0	0	3	0	0	3	0	0	0	0	0	0	3	0	0	0
D3g	0	0	0	0	0	0	0	0	2	0	0	0	0	0	0	0	0	2	2	0
D8g	0	0	0	0	3	0	0	0	0	3	0	0	0	0	0	0	0	0	3	0
D12g	0	0	0	3	0	0	0	0	0	0	0	0	0	0	0	3	0	0	0	3
D3h	0	0	0	0	0	2	0	0	0	0	2	0	0	0	0	0	0	0	2	0
D8h	0	0	3	0	0	0	0	0	0	0	0	3	0	0	0	0	0	3	0	0
D12h	0	0	0	0	0	0	0	3	3	0	0	0	0	0	0	0	0	3	0	0

DOMAIN
Numeri	11	12	11	11	13	12	13	11	11	12	12	13	12	11	13	13	13	11	11	13
Dati e previsioni	13	13	13	13	13	13	13	12	13	13	13	13	13	13	13	13	13	13	13	12
Spazio e figure	13	12	13	13	11	11	11	13	13	12	12	11	12	12	11	11	11	13	13	12
Relazioni e funzioni	11	11	11	11	11	11	11	11	11	11	11	11	11	12	11	11	11	11	11	11

DIMENSION
Conoscere	26	26	26	28	29	29	29	29	28	29	29	26	26	26	26	29	26	26	29	28
Risolvere problemi	15	16	21	16	16	15	13	12	14	15	15	18	15	13	15	15	17	15	14	14
Argomentare	7	6	1	4	3	3	6	6	6	4	4	4	7	9	7	4	5	7	5	6

Sum variables

Overlap matrix
	1	2	3	4	5	6	7	8	9	10	11	12	13	14	15	16	17	18	19	20
1	48	9	3	3	5	4	8	7	6	8	6	4	7	6	7	6	4	5	4	4
2	9	48	9	3	11	2	4	1	4	7	6	2	8	7	5	5	3	8	4	7
3	3	9	48	8	4	6	1	10	2	6	6	6	5	5	4	7	7	4	2	11
4	3	3	8	48	7	8	1	6	7	6	4	4	5	2	5	10	10	7	4	7
5	5	11	4	7	48	6	9	4	2	6	2	4	4	4	9	7	2	5	11	3
6	4	2	6	8	6	47	4	7	3	4	11	8	2	5	10	2	5	4	7	4
7	8	4	1	1	9	4	48	10	5	6	8	2	5	6	7	4	7	6	10	4
8	7	1	10	6	4	7	10	47	4	6	6	4	7	3	3	4	5	7	5	6
9	6	4	2	7	2	3	5	4	48	6	5	4	10	11	4	6	5	9	7	7
10	8	7	6	6	6	4	6	6	6	48	6	10	3	3	5	4	8	4	4	4
11	6	6	6	4	2	11	8	6	5	6	48	5	7	7	2	4	3	4	8	6
12	4	2	6	4	4	8	2	4	4	10	5	48	5	8	8	4	5	11	6	5
13	7	8	5	5	4	2	5	7	10	3	7	5	48	4	6	5	4	5	4	8
14	6	7	5	2	4	5	6	3	11	3	7	8	4	48	3	4	6	11	4	9
15	7	5	4	5	9	10	7	3	4	5	2	8	6	3	48	8	4	5	5	4
16	6	5	7	10	7	2	4	4	6	4	4	4	5	4	8	48	13	4	4	6
17	4	3	7	10	2	5	7	5	5	8	3	5	4	6	4	13	48	2	6	4
18	5	8	4	7	5	4	6	7	9	4	4	11	5	11	5	4	2	48	3	3
19	4	4	2	4	11	7	10	5	7	4	8	6	4	4	5	4	6	3	48	5
20	4	7	11	7	3	4	4	6	7	4	6	5	8	9	4	6	4	3	5	48

Item use
5	4.0
8	4.0
14	4.0
18	4.0
25	4.0
27	4.0
32	4.0
44	4.0
47	4.0
53	4.0
57	4.0
64	4.0
66	4.0
71	4.0
83	4.0
86	4.0
92	4.0
96	4.0
103	4.0
105	4.0
110	4.0
122	4.0
125	4.0
131	4.0
135	4.0
142	4.0
144	4.0
149	4.0
161	4.0
164	4.0
170	4.0
174	4.0
181	4.0
183	4.0
188	4.0
200	4.0
203	4.0
209	4.0
213	4.0
220	4.0
222	4.0
227	4.0
239	4.0
242	4.0
248	4.0
252	4.0
259	4.0
261	4.0
266	4.0
278	4.0
287	4.0
291	4.0
298	4.0
300	4.0
305	4.0
1	3.0
2	3.0
3	3.0
4	3.0
6	3.0
7	3.0
9	3.0
10	3.0
11	3.0
12	3.0
13	3.0
15	3.0
16	3.0
17	3.0
19	3.0
20	3.0
21	3.0
22	3.0
23	3.0
24	3.0
26	3.0
28	3.0
29	3.0
30	3.0
31	3.0
33	3.0
34	3.0
36	3.0
37	3.0
38	3.0
39	3.0
40	3.0
41	3.0
42	3.0
43	3.0
45	3.0
46	3.0
48	3.0
49	3.0
50	3.0
51	3.0
52	3.0
54	3.0
55	3.0
56	3.0
58	3.0
59	3.0
60	3.0
61	3.0
62	3.0
63	3.0
65	3.0
67	3.0
68	3.0
69	3.0
70	3.0
72	3.0
73	3.0
75	3.0
76	3.0
77	3.0
79	3.0
80	3.0
81	3.0
82	3.0
84	3.0
85	3.0
87	3.0
88	3.0
89	3.0
90	3.0
91	3.0
93	3.0
94	3.0
95	3.0
97	3.0
98	3.0
99	3.0
100	3.0
101	3.0
102	3.0
104	3.0
106	3.0
107	3.0
108	3.0
109	3.0
111	3.0
112	3.0
114	3.0
115	3.0
116	3.0
118	3.0
119	3.0
120	3.0
121	3.0
123	3.0
124	3.0
126	3.0
127	3.0
128	3.0
129	3.0
130	3.0
136	3.0
137	3.0
138	3.0
139	3.0
140	3.0
141	3.0
143	3.0
145	3.0
146	3.0
147	3.0
148	3.0
150	3.0
151	3.0
153	3.0
155	3.0
157	3.0
158	3.0
159	3.0
160	3.0
162	3.0
163	3.0
165	3.0
166	3.0
167	3.0
168	3.0
169	3.0
171	3.0
172	3.0
173	3.0
175	3.0
176	3.0
177	3.0
178	3.0
179	3.0
180	3.0
182	3.0
184	3.0
185	3.0
186	3.0
187	3.0
189	3.0
190	3.0
192	3.0
193	3.0
194	3.0
195	3.0
197	3.0
198	3.0
199	3.0
201	3.0
202	3.0
204	3.0
205	3.0
206	3.0
207	3.0
208	3.0
210	3.0
211	3.0
212	3.0
214	3.0
215	3.0
216	3.0
217	3.0
218	3.0
219	3.0
221	3.0
223	3.0
224	3.0
225	3.0
226	3.0
228	3.0
229	3.0
231	3.0
233	3.0
234	3.0
235	3.0
236	3.0
237	3.0
238	3.0
240	3.0
241	3.0
243	3.0
244	3.0
245	3.0
246	3.0
247	3.0
249	3.0
250	3.0
251	3.0
253	3.0
254	3.0
255	3.0
256	3.0
257	3.0
258	3.0
260	3.0
262	3.0
263	3.0
264	3.0
265	3.0
267	3.0
268	3.0
270	3.0
272	3.0
273	3.0
274	3.0
275	3.0
276	3.0
277	3.0
279	3.0
280	3.0
282	3.0
283	3.0
284	3.0
285	3.0
286	3.0
288	3.0
289	3.0
290	3.0
292	3.0
293	3.0
294	3.0
295	3.0
296	3.0
297	3.0
299	3.0
301	3.0
302	3.0
303	3.0
304	3.0
306	3.0
307	3.0
309	3.0
310	3.0
311	3.0
312	3.0
35	2.0
78	2.0
117	2.0
132	2.0
133	2.0
134	2.0
154	2.0
156	2.0
196	2.0
232	2.0
271	2.0
74	1.0
281	1.0
113	0.0
152	0.0
191	0.0
230	0.0
269	0.0
308	0.0
