Length
1	2	3	4	5	6	7	8	9	10	11	12	13	14	15	16	17	18	19	20
39	39	39	40	40	39	40	39	40	39	40	40	40	40	40	39	39	39	39	40

design
5	7	8	7	2	13	13	6	1	5	13	2	12	14	7	17	1	1	6	6
7	10	14	23	12	14	14	11	22	11	15	8	30	27	8	37	5	10	9	8
21	11	19	26	16	15	22	13	24	24	16	18	45	30	11	43	26	19	16	15
22	26	31	39	18	17	24	20	26	25	21	50	48	35	12	52	64	21	20	17
28	52	39	44	31	19	27	32	33	36	30	58	55	39	20	55	65	31	36	19
36	61	49	50	34	21	30	34	54	47	32	66	56	42	24	58	79	34	53	25
51	68	58	54	43	25	33	38	67	53	40	68	64	47	27	75	80	55	59	36
56	73	66	59	45	32	39	40	69	69	45	100	65	49	35	77	93	67	64	37
63	92	67	62	47	55	40	42	71	74	50	109	67	59	37	85	96	96	66	60
64	104	68	69	53	57	52	51	81	89	51	119	72	69	38	89	115	110	81	73
73	113	74	79	56	62	54	52	83	130	62	122	76	73	59	98	117	111	83	74
84	116	75	82	57	83	58	61	84	134	65	125	79	76	76	104	120	126	89	75
92	125	77	86	61	93	66	77	86	136	75	130	82	82	79	107	127	138	99	95
93	141	85	95	80	94	71	85	87	142	80	132	96	84	80	116	129	140	105	100
98	145	97	106	114	96	86	98	88	153	83	138	102	92	99	118	131	142	113	101
105	158	101	108	119	100	87	106	92	156	84	140	105	124	108	122	166	147	116	109
112	159	104	121	131	109	101	133	98	164	94	145	106	131	118	124	167	158	118	116
126	161	110	122	146	117	114	150	108	165	97	149	115	133	124	133	172	166	125	118
146	173	127	126	165	121	127	152	114	169	102	156	127	140	131	139	175	167	174	129
152	178	129	128	172	130	141	153	152	176	105	159	128	141	139	146	178	174	182	132
154	186	134	140	179	139	150	168	158	198	106	161	153	149	156	151	180	175	188	133
159	187	138	153	183	150	151	172	163	200	111	169	154	154	160	161	185	177	190	178
160	189	149	159	194	164	160	181	183	201	113	176	156	155	168	165	189	186	193	184
163	201	151	161	196	166	175	184	189	207	115	188	167	168	179	173	197	196	223	190
164	208	177	174	202	167	177	187	193	213	130	191	172	178	181	175	205	205	232	191
176	211	189	181	214	179	179	194	203	215	164	194	183	181	188	185	208	212	234	192
184	219	200	202	215	180	206	196	209	233	169	198	187	182	190	190	215	226	244	199
193	230	210	209	234	196	207	198	220	237	173	216	198	208	195	191	220	233	251	202
203	234	213	231	236	197	209	203	221	241	183	228	201	212	202	194	221	245	252	207
207	235	226	245	243	199	214	206	222	264	186	230	205	216	206	199	231	247	254	218
214	236	230	246	249	204	217	210	236	267	203	234	215	218	211	210	232	249	256	223
223	243	250	259	250	205	221	212	237	268	216	252	222	224	222	211	252	250	260	231
224	259	253	265	258	218	236	219	247	273	217	255	246	225	240	220	261	258	265	237
225	260	255	267	266	224	241	232	265	275	226	260	270	243	247	228	262	273	266	241
245	265	257	280	277	251	247	233	270	285	257	263	272	254	249	241	266	276	269	244
256	271	258	281	278	259	252	254	282	290	261	268	275	256	251	255	273	284	285	272
264	277	271	282	287	262	272	264	283	295	270	271	283	274	253	257	276	290	287	275
288	281	281	287	289	282	280	280	287	297	284	273	284	292	257	261	277	293	292	284
293	283	291	289	299	285	286	297	292	299	290	281	289	294	280	297	279	296	296	294
0	0	0	293	300	0	292	0	299	0	300	295	294	297	300	0	0	0	0	299

expected score
1.0	0.412	0.534	0.655

2.0	0.369	0.491	0.615

3.0	0.393	0.514	0.633

4.0	0.389	0.509	0.629

5.0	0.381	0.499	0.617

6.0	0.373	0.494	0.615

7.0	0.38	0.5	0.62

8.0	0.386	0.506	0.625

9.0	0.38	0.503	0.626

10.0	0.356	0.475	0.598

11.0	0.385	0.505	0.625

12.0	0.385	0.503	0.621

13.0	0.388	0.506	0.625

14.0	0.386	0.505	0.625

15.0	0.398	0.519	0.638

16.0	0.379	0.5	0.624

17.0	0.402	0.524	0.645

18.0	0.388	0.507	0.626

19.0	0.386	0.508	0.629

20.0	0.365	0.486	0.606

Categorical variables
Unit
U12	0	0	0	0	3	0	0	0	0	0	0	3	0	0	0	0	0	0	0	0
U10	0	0	0	2	0	0	0	0	0	0	0	0	0	0	0	0	0	0	0	0
U5	3	0	0	0	0	0	0	0	0	0	0	0	0	0	0	0	0	0	0	0
U4	0	0	3	0	3	0	0	0	0	0	0	0	0	0	0	0	0	3	0	0
U11	0	0	0	0	0	0	3	0	3	0	0	0	0	0	0	0	0	0	0	0
U8	0	3	3	0	0	0	0	0	0	0	0	3	0	0	0	0	0	0	0	0
U2	0	0	0	0	0	0	0	0	0	0	0	0	0	0	0	0	0	0	0	0
U1	0	0	3	0	0	0	0	3	0	0	0	0	0	0	0	3	0	0	0	0
U3	0	0	0	0	0	3	0	0	0	0	0	0	3	0	0	0	3	3	0	0
U9	3	0	0	3	0	0	0	0	0	0	0	0	0	0	0	0	0	3	0	0
U6	0	0	3	0	0	0	0	0	0	3	0	0	0	0	0	0	0	0	0	0
U7	0	0	0	0	0	3	0	0	0	0	0	0	0	0	0	0	3	0	0	0

Domain
Numbers	10	10	10	10	10	10	10	10	10	10	10	10	10	10	10	10	10	10	10	10
Space and Figures	10	10	10	10	10	10	10	10	10	10	10	10	10	10	10	10	10	9	10	10
Data and Forecasting	10	10	10	10	10	10	10	10	10	10	10	10	10	10	10	10	10	10	10	10
Relations and Functions	9	9	9	10	10	9	10	9	10	9	10	10	10	10	10	9	9	10	9	10

Dimension
Knowing	27	23	26	29	28	24	23	22	26	24	25	24	26	28	25	23	25	26	30	26
Problem Solving	8	10	8	7	8	9	11	11	8	11	11	11	6	8	9	13	8	7	6	8
Arguing	4	6	5	4	4	6	6	6	6	4	4	5	8	4	6	3	6	6	3	6

Answer_type
Multiple-Choice	27	27	27	27	28	27	27	27	28	27	27	27	27	31	28	28	28	28	27	27
Matching	8	8	10	8	8	9	8	9	9	8	9	8	9	8	8	8	8	8	8	8
Open-Ended	4	4	2	5	4	3	5	3	3	4	4	5	4	1	4	3	3	3	4	5

Sum variables

Overlap matrix
	1	2	3	4	5	6	7	8	9	10	11	12	13	14	15	16	17	18	19	20
1	39	4	0	5	3	4	4	6	8	6	6	2	4	7	2	2	3	4	6	5
2	4	39	6	7	5	1	3	5	7	2	3	10	3	6	3	6	5	3	6	3
3	0	6	39	2	3	2	8	3	2	4	4	10	2	4	3	9	3	9	1	6
4	5	7	2	40	3	4	5	4	9	3	3	6	7	6	7	2	3	5	4	3
5	3	5	3	3	40	3	4	5	5	5	5	5	7	3	7	4	6	6	5	2
6	4	1	2	4	3	39	4	4	2	4	9	3	4	3	3	4	9	8	3	8
7	4	3	8	5	4	4	40	6	13	3	4	3	3	6	7	5	4	3	3	4
8	6	5	3	4	5	4	6	39	3	6	6	2	5	7	7	8	2	4	4	3
9	8	7	2	9	5	2	13	3	40	4	5	0	5	4	4	2	5	4	6	2
10	6	2	4	3	5	4	3	6	4	39	4	8	6	3	3	4	3	4	4	8
11	6	3	4	3	5	9	4	6	5	4	40	4	10	3	3	4	4	6	4	3
12	2	10	10	6	5	3	3	2	0	8	4	40	2	3	3	7	2	3	6	5
13	4	3	2	7	7	4	3	5	5	6	10	2	40	5	5	1	10	6	2	4
14	7	6	4	6	3	3	6	7	4	3	3	3	5	40	8	3	3	2	5	5
15	2	3	3	7	7	3	7	7	4	3	3	3	5	8	40	7	3	2	7	5
16	2	6	9	2	4	4	5	8	2	4	4	7	1	3	7	39	4	2	4	10
17	3	5	3	3	6	9	4	2	5	3	4	2	10	3	3	4	39	8	4	3
18	4	3	9	5	6	8	3	4	4	4	6	3	6	2	2	2	8	39	2	2
19	6	6	1	4	5	3	3	4	6	4	4	6	2	5	7	4	4	2	39	7
20	5	3	6	3	2	8	4	3	2	8	3	5	4	5	5	10	3	2	7	40

Item use
7	4.0
8	4.0
11	4.0
13	4.0
14	4.0
19	4.0
21	4.0
24	4.0
26	4.0
30	4.0
36	4.0
39	4.0
52	4.0
55	4.0
58	4.0
59	4.0
64	4.0
66	4.0
67	4.0
69	4.0
73	4.0
75	4.0
79	4.0
80	4.0
83	4.0
84	4.0
92	4.0
96	4.0
98	4.0
105	4.0
106	4.0
116	4.0
118	4.0
127	4.0
130	4.0
131	4.0
133	4.0
140	4.0
153	4.0
156	4.0
159	4.0
161	4.0
164	4.0
167	4.0
172	4.0
175	4.0
178	4.0
179	4.0
181	4.0
183	4.0
189	4.0
190	4.0
194	4.0
196	4.0
198	4.0
202	4.0
203	4.0
205	4.0
207	4.0
215	4.0
234	4.0
236	4.0
241	4.0
247	4.0
252	4.0
257	4.0
265	4.0
273	4.0
280	4.0
281	4.0
284	4.0
287	4.0
292	4.0
297	4.0
299	4.0
1	3.0
5	3.0
6	3.0
12	3.0
15	3.0
16	3.0
17	3.0
20	3.0
22	3.0
25	3.0
27	3.0
31	3.0
32	3.0
34	3.0
37	3.0
40	3.0
45	3.0
47	3.0
50	3.0
51	3.0
53	3.0
54	3.0
56	3.0
61	3.0
62	3.0
65	3.0
68	3.0
74	3.0
76	3.0
77	3.0
82	3.0
85	3.0
86	3.0
89	3.0
93	3.0
100	3.0
101	3.0
104	3.0
108	3.0
109	3.0
113	3.0
114	3.0
115	3.0
122	3.0
124	3.0
125	3.0
126	3.0
129	3.0
138	3.0
139	3.0
141	3.0
146	3.0
149	3.0
150	3.0
151	3.0
152	3.0
154	3.0
158	3.0
160	3.0
165	3.0
166	3.0
168	3.0
169	3.0
173	3.0
174	3.0
176	3.0
177	3.0
184	3.0
186	3.0
187	3.0
188	3.0
191	3.0
193	3.0
199	3.0
201	3.0
206	3.0
208	3.0
209	3.0
210	3.0
211	3.0
212	3.0
214	3.0
216	3.0
218	3.0
220	3.0
221	3.0
222	3.0
223	3.0
224	3.0
226	3.0
230	3.0
231	3.0
232	3.0
233	3.0
237	3.0
243	3.0
245	3.0
249	3.0
250	3.0
251	3.0
254	3.0
255	3.0
256	3.0
258	3.0
259	3.0
260	3.0
261	3.0
264	3.0
266	3.0
270	3.0
271	3.0
272	3.0
275	3.0
277	3.0
282	3.0
283	3.0
285	3.0
289	3.0
290	3.0
293	3.0
294	3.0
300	3.0
2	2.0
10	2.0
18	2.0
33	2.0
35	2.0
38	2.0
42	2.0
43	2.0
49	2.0
57	2.0
71	2.0
81	2.0
87	2.0
94	2.0
95	2.0
97	2.0
99	2.0
102	2.0
110	2.0
111	2.0
117	2.0
119	2.0
121	2.0
128	2.0
132	2.0
134	2.0
142	2.0
145	2.0
163	2.0
180	2.0
182	2.0
185	2.0
197	2.0
200	2.0
213	2.0
217	2.0
219	2.0
225	2.0
228	2.0
244	2.0
246	2.0
253	2.0
262	2.0
267	2.0
268	2.0
276	2.0
295	2.0
296	2.0
9	1.0
23	1.0
28	1.0
44	1.0
48	1.0
60	1.0
63	1.0
72	1.0
88	1.0
107	1.0
112	1.0
120	1.0
136	1.0
147	1.0
155	1.0
192	1.0
195	1.0
204	1.0
235	1.0
240	1.0
263	1.0
269	1.0
274	1.0
278	1.0
279	1.0
286	1.0
288	1.0
291	1.0
3	0.0
4	0.0
29	0.0
41	0.0
46	0.0
70	0.0
78	0.0
90	0.0
91	0.0
103	0.0
123	0.0
135	0.0
137	0.0
143	0.0
144	0.0
148	0.0
157	0.0
162	0.0
170	0.0
171	0.0
227	0.0
229	0.0
238	0.0
239	0.0
242	0.0
248	0.0
298	0.0
