Length
1	2	3	4	5	6	7	8	9	10	11	12	13	14	15	16	17	18	19	20
40	39	40	39	39	39	39	40	39	40	40	39	39	39	40	40	40	39	39	39

design
3	4	2	2	13	5	6	7	14	6	12	8	7	2	1	5	8	1	11	20
8	12	11	6	25	7	14	11	17	7	17	16	21	11	9	8	15	5	13	33
9	15	12	18	26	14	17	13	36	19	42	61	25	18	26	13	19	27	14	50
16	19	18	21	32	20	23	30	52	38	47	68	28	31	30	25	24	47	15	52
22	24	20	24	53	22	26	37	53	39	56	69	63	33	36	35	35	52	16	66
23	34	21	27	59	24	28	47	55	43	58	72	67	34	40	37	38	62	19	71
30	42	27	45	61	30	36	54	68	48	65	73	77	39	49	55	40	69	21	72
31	53	32	59	69	32	39	56	73	54	75	93	79	71	50	57	43	72	22	79
33	75	39	77	74	40	44	62	80	65	79	98	85	87	51	58	45	80	23	83
44	84	48	81	76	48	63	72	86	75	84	100	89	92	55	67	58	83	26	87
51	94	50	84	94	49	68	73	89	90	93	116	100	101	60	69	59	99	44	112
64	105	51	85	98	52	80	75	96	92	96	122	102	117	64	90	61	118	55	114
67	109	64	101	104	54	81	101	105	93	113	129	109	119	73	92	65	131	56	125
71	115	80	104	108	59	83	108	108	96	116	155	110	139	79	96	66	149	57	126
83	124	86	115	118	62	89	117	114	109	127	163	112	140	81	104	76	150	64	132
87	127	98	119	121	66	98	122	122	111	131	168	128	154	84	112	106	152	74	133
92	139	116	131	133	105	102	124	129	117	135	179	146	156	86	113	114	161	76	138
113	142	119	133	141	118	106	126	141	128	152	180	159	166	110	116	121	175	94	150
133	149	121	134	154	126	111	146	153	136	167	189	161	168	118	140	124	178	100	151
137	156	130	143	156	134	125	179	167	138	168	196	172	172	120	152	125	183	105	158
138	159	146	177	157	135	127	188	173	140	172	197	174	174	131	166	127	186	115	169
154	173	150	181	173	139	130	215	180	157	176	215	175	190	140	167	130	193	128	204
160	176	161	190	178	141	149	226	184	159	181	216	179	191	153	169	144	198	130	207
165	177	168	195	195	153	151	231	185	160	201	217	181	208	161	180	159	203	158	215
169	188	181	198	196	158	153	233	186	162	204	219	191	223	175	186	177	212	166	220
178	191	190	200	206	163	156	234	196	167	205	221	194	224	176	189	178	214	174	225
183	198	194	203	208	179	157	236	197	172	207	222	198	247	188	194	184	224	199	245
194	202	195	209	214	189	187	244	199	175	220	224	207	250	207	197	190	226	202	252
212	206	209	210	215	200	189	245	205	182	223	226	210	251	209	203	196	233	216	265
216	208	218	211	231	202	193	260	229	183	227	229	214	258	211	205	211	241	217	274
222	228	237	212	236	213	221	264	230	187	231	230	256	265	218	243	219	254	218	275
223	236	246	213	241	221	230	281	257	202	249	236	259	269	219	253	229	256	222	278
234	246	247	217	246	245	237	282	262	203	251	243	264	270	220	255	234	260	248	280
241	252	251	244	247	254	241	284	271	205	253	249	266	274	233	260	256	265	252	281
244	253	252	249	257	255	265	289	280	206	257	262	269	281	235	262	257	266	261	283
250	254	255	263	272	276	271	291	282	234	259	271	277	290	237	264	268	268	273	284
258	273	278	269	280	291	272	292	287	261	275	281	288	292	243	274	272	269	277	293
261	286	285	270	286	293	273	293	289	275	282	297	290	294	247	277	283	276	278	297
270	287	294	283	294	296	288	296	296	280	284	299	292	299	266	285	289	300	284	300
287	0	295	0	0	0	0	299	0	300	299	0	0	0	286	297	297	0	0	0

expected score
1.0	0.379	0.499	0.619

2.0	0.382	0.503	0.626

3.0	0.374	0.496	0.618

4.0	0.39	0.511	0.631

5.0	0.379	0.501	0.624

6.0	0.396	0.517	0.636

7.0	0.376	0.497	0.619

8.0	0.372	0.491	0.611

9.0	0.347	0.468	0.592

10.0	0.389	0.507	0.627

11.0	0.39	0.506	0.623

12.0	0.357	0.479	0.601

13.0	0.395	0.517	0.64

14.0	0.395	0.515	0.635

15.0	0.38	0.499	0.619

16.0	0.384	0.504	0.625

17.0	0.399	0.517	0.633

18.0	0.406	0.527	0.647

19.0	0.375	0.499	0.622

20.0	0.395	0.514	0.632

Categorical variables
Unit
U12	0	0	3	3	0	0	0	0	0	0	0	0	0	3	0	0	0	0	0	0
U10	2	0	0	0	0	0	2	0	0	0	0	0	0	0	0	0	0	0	2	0
U5	0	0	0	0	0	0	3	0	0	0	0	0	3	0	0	0	0	0	0	0
U4	3	0	0	0	0	0	0	0	0	0	0	0	0	3	0	0	0	0	0	0
U11	3	0	0	0	0	0	0	0	0	0	0	0	0	3	0	0	0	0	0	3
U8	0	0	0	0	0	0	3	0	3	0	0	3	0	0	0	0	0	0	0	0
U2	0	0	0	0	0	0	0	0	0	0	0	0	0	0	0	0	0	0	0	0
U1	0	0	0	3	0	0	0	0	0	0	0	0	3	0	0	0	0	0	0	0
U3	0	0	0	0	0	0	0	0	3	3	3	0	0	0	0	3	0	0	0	0
U9	0	0	0	0	0	3	0	3	0	0	0	0	0	0	0	0	0	0	0	3
U6	0	0	0	3	0	3	0	0	0	0	0	0	0	0	0	0	0	0	0	0
U7	0	0	0	0	0	0	0	0	3	0	0	3	0	0	0	3	0	0	0	0

Domain
Numbers	10	10	10	10	10	10	10	10	10	10	10	10	9	10	10	10	10	10	10	10
Space and Figures	10	10	10	10	10	10	10	10	10	10	10	10	10	10	10	10	10	10	10	10
Data and Forecasting	10	10	10	10	10	10	10	10	10	10	10	10	10	10	10	10	10	10	10	10
Relations and Functions	10	9	10	9	9	9	9	10	9	10	10	9	10	9	10	10	10	9	9	9

Dimension
Knowing	24	25	25	25	25	25	25	26	24	25	23	23	24	25	25	25	25	25	24	24
Problem Solving	11	9	10	9	9	9	9	9	10	10	10	9	10	9	10	9	10	9	9	10
Arguing	5	5	5	5	5	5	5	5	5	5	7	7	5	5	5	6	5	5	6	5

Answer_type
Multiple-Choice	27	27	28	27	27	27	27	27	27	27	27	27	27	27	27	27	28	27	27	27
Matching	9	8	8	8	8	8	8	9	8	9	8	8	8	8	8	8	8	8	8	8
Open-Ended	4	4	4	4	4	4	4	4	4	4	5	4	4	4	5	5	4	4	4	4

Sum variables

Overlap matrix
	1	2	3	4	5	6	7	8	9	10	11	12	13	14	15	16	17	18	19	20
1	40	1	3	4	4	2	4	3	1	6	2	4	2	10	4	6	3	5	8	7
2	1	39	3	5	9	5	4	4	4	6	7	1	4	5	4	1	7	3	8	1
3	3	3	40	9	7	4	5	2	2	2	5	3	5	10	9	4	3	4	7	5
4	4	5	9	39	4	5	2	2	0	2	4	2	7	7	5	2	7	6	3	2
5	4	9	7	4	39	4	6	5	7	3	2	6	2	5	4	4	8	5	5	3
6	2	5	4	5	4	39	4	10	6	4	1	4	2	1	5	3	4	6	5	7
7	4	4	5	2	6	4	39	0	9	5	2	6	5	3	5	1	5	6	6	4
8	3	4	2	2	5	10	0	40	6	5	7	9	5	6	4	4	3	6	4	7
9	1	4	2	0	7	6	9	6	39	4	6	11	1	0	5	8	6	3	4	3
10	6	6	2	2	3	4	5	5	4	40	8	1	6	5	2	7	6	4	4	4
11	2	7	5	4	2	1	2	7	6	8	40	5	5	5	6	8	4	3	2	6
12	4	1	3	2	6	4	6	9	11	1	5	39	2	4	3	9	6	4	5	4
13	2	4	5	7	2	2	5	5	1	6	5	2	39	6	6	6	2	7	5	3
14	10	5	10	7	5	1	3	6	0	5	5	4	6	39	2	4	1	3	3	6
15	4	4	9	5	4	5	5	4	5	2	6	3	6	2	40	3	3	7	4	4
16	6	1	4	2	4	3	1	4	8	7	8	9	6	4	3	40	4	6	5	4
17	3	7	3	7	8	4	5	3	6	6	4	6	2	1	3	4	40	3	4	5
18	5	3	4	6	5	6	6	6	3	4	3	4	7	3	7	6	3	39	0	6
19	8	8	7	3	5	5	6	4	4	4	2	5	5	3	4	5	4	0	39	4
20	7	1	5	2	3	7	4	7	3	4	6	4	3	6	4	4	5	6	4	39

Item use
7	4.0
8	4.0
11	4.0
13	4.0
14	4.0
19	4.0
21	4.0
24	4.0
26	4.0
30	4.0
39	4.0
52	4.0
55	4.0
59	4.0
64	4.0
69	4.0
72	4.0
73	4.0
75	4.0
79	4.0
80	4.0
83	4.0
84	4.0
92	4.0
96	4.0
98	4.0
105	4.0
116	4.0
118	4.0
127	4.0
130	4.0
131	4.0
133	4.0
140	4.0
153	4.0
156	4.0
159	4.0
161	4.0
167	4.0
168	4.0
172	4.0
175	4.0
178	4.0
179	4.0
181	4.0
189	4.0
190	4.0
194	4.0
196	4.0
198	4.0
202	4.0
203	4.0
205	4.0
207	4.0
215	4.0
234	4.0
236	4.0
241	4.0
247	4.0
252	4.0
257	4.0
265	4.0
269	4.0
280	4.0
281	4.0
284	4.0
297	4.0
299	4.0
2	3.0
5	3.0
6	3.0
12	3.0
15	3.0
16	3.0
17	3.0
18	3.0
20	3.0
22	3.0
23	3.0
25	3.0
27	3.0
32	3.0
33	3.0
36	3.0
40	3.0
44	3.0
47	3.0
48	3.0
50	3.0
51	3.0
53	3.0
54	3.0
56	3.0
58	3.0
61	3.0
62	3.0
65	3.0
66	3.0
67	3.0
68	3.0
71	3.0
76	3.0
81	3.0
86	3.0
87	3.0
89	3.0
93	3.0
94	3.0
100	3.0
101	3.0
104	3.0
108	3.0
109	3.0
112	3.0
113	3.0
114	3.0
115	3.0
117	3.0
119	3.0
121	3.0
122	3.0
124	3.0
125	3.0
126	3.0
128	3.0
138	3.0
139	3.0
141	3.0
146	3.0
149	3.0
150	3.0
152	3.0
154	3.0
157	3.0
158	3.0
166	3.0
169	3.0
173	3.0
174	3.0
176	3.0
177	3.0
180	3.0
183	3.0
186	3.0
188	3.0
191	3.0
195	3.0
197	3.0
206	3.0
208	3.0
209	3.0
211	3.0
212	3.0
214	3.0
216	3.0
217	3.0
218	3.0
219	3.0
220	3.0
221	3.0
222	3.0
223	3.0
224	3.0
226	3.0
229	3.0
230	3.0
231	3.0
233	3.0
237	3.0
243	3.0
244	3.0
245	3.0
246	3.0
249	3.0
251	3.0
253	3.0
254	3.0
255	3.0
256	3.0
260	3.0
261	3.0
262	3.0
264	3.0
266	3.0
270	3.0
271	3.0
272	3.0
273	3.0
274	3.0
275	3.0
277	3.0
278	3.0
282	3.0
283	3.0
286	3.0
287	3.0
289	3.0
292	3.0
293	3.0
294	3.0
296	3.0
300	3.0
1	2.0
9	2.0
28	2.0
31	2.0
34	2.0
35	2.0
37	2.0
38	2.0
42	2.0
43	2.0
45	2.0
49	2.0
57	2.0
63	2.0
74	2.0
77	2.0
85	2.0
90	2.0
102	2.0
106	2.0
110	2.0
111	2.0
129	2.0
134	2.0
135	2.0
151	2.0
160	2.0
163	2.0
184	2.0
187	2.0
193	2.0
199	2.0
200	2.0
204	2.0
210	2.0
213	2.0
250	2.0
258	2.0
259	2.0
268	2.0
276	2.0
285	2.0
288	2.0
290	2.0
291	2.0
3	1.0
4	1.0
60	1.0
99	1.0
120	1.0
132	1.0
136	1.0
137	1.0
142	1.0
143	1.0
144	1.0
155	1.0
162	1.0
165	1.0
182	1.0
185	1.0
201	1.0
225	1.0
227	1.0
228	1.0
235	1.0
248	1.0
263	1.0
295	1.0
10	0.0
29	0.0
41	0.0
46	0.0
70	0.0
78	0.0
82	0.0
88	0.0
91	0.0
95	0.0
97	0.0
103	0.0
107	0.0
123	0.0
145	0.0
147	0.0
148	0.0
164	0.0
170	0.0
171	0.0
192	0.0
232	0.0
238	0.0
239	0.0
240	0.0
242	0.0
267	0.0
279	0.0
298	0.0
