Length
1	2	3	4	5	6	7	8	9	10	11	12	13	14	15	16	17	18	19	20
40	39	40	39	39	39	40	39	40	39	39	39	39	39	40	39	39	39	39	40

design
17	8	8	1	1	8	1	6	14	5	7	2	5	2	5	12	9	6	15	21
21	12	9	2	7	11	11	7	16	25	11	8	9	18	6	14	12	13	28	27
24	19	14	18	13	13	19	13	17	31	32	18	15	20	31	21	20	19	30	36
30	21	23	47	14	16	23	24	22	34	33	20	26	25	52	22	30	27	33	45
32	22	26	69	15	17	29	28	24	37	45	37	35	59	57	31	54	32	35	66
43	26	29	73	16	19	42	40	33	58	51	39	36	66	59	40	59	34	39	69
45	27	38	74	38	23	44	47	34	69	56	43	43	80	67	49	65	37	56	84
52	28	44	75	49	24	58	56	35	73	71	54	51	94	91	74	73	38	63	105
55	49	51	76	65	25	62	63	40	75	87	67	52	102	105	88	74	39	68	116
89	63	53	80	67	29	65	77	48	81	92	77	64	113	110	96	77	53	71	118
92	69	54	88	79	30	76	85	62	86	96	79	66	118	121	101	85	58	75	144
102	80	59	90	81	44	79	104	67	93	98	83	73	119	130	111	91	64	76	145
105	83	61	104	94	47	86	109	71	101	109	85	75	126	131	116	92	68	84	153
115	98	62	108	100	53	96	120	83	115	125	91	111	128	138	117	113	81	87	154
118	121	64	110	109	64	106	124	87	128	151	93	122	140	140	138	114	84	89	172
122	122	68	112	114	72	112	131	90	130	154	98	128	158	142	139	124	88	100	176
127	130	83	117	116	80	118	132	92	134	163	114	129	165	146	154	125	101	152	179
140	135	86	119	121	84	120	133	93	141	167	119	139	172	149	165	126	113	157	180
146	152	89	141	126	102	129	146	94	149	174	124	150	180	160	167	131	115	159	182
151	156	97	145	130	104	153	153	100	156	181	150	152	189	161	170	133	129	175	189
161	158	127	166	134	105	156	160	112	159	183	153	164	197	165	173	134	131	184	197
162	169	138	175	151	111	167	161	125	166	184	159	169	201	166	177	169	142	187	208
174	173	141	194	156	117	186	172	139	168	188	160	181	216	168	180	174	150	203	211
178	177	149	196	186	133	194	177	158	200	190	164	186	223	171	191	178	161	224	214
189	182	164	208	187	142	201	179	159	202	193	168	194	224	175	194	190	196	226	221
206	185	181	212	190	163	202	185	163	204	196	188	199	231	176	196	200	207	230	223
218	204	184	215	193	178	205	199	173	206	204	198	207	244	209	197	210	208	236	228
219	207	188	218	200	179	209	210	175	212	205	210	232	245	211	202	213	209	241	233
220	212	190	222	201	182	217	231	181	213	220	211	238	247	214	203	214	216	244	241
221	224	198	229	207	191	220	236	183	236	237	215	248	251	217	205	217	218	256	252
228	237	215	243	213	193	221	246	185	246	238	232	255	252	219	222	236	219	268	253
229	238	226	251	241	216	229	254	189	250	241	233	266	256	222	234	245	225	271	254
232	257	230	260	243	226	234	265	191	251	249	248	274	260	228	247	257	230	272	255
234	275	231	264	245	244	243	278	198	258	253	249	276	262	233	250	261	249	275	256
246	286	271	265	257	252	247	282	199	276	259	264	280	266	234	258	274	270	279	259
248	287	272	270	259	261	252	283	203	281	265	275	282	285	250	262	278	271	284	261
254	288	280	279	280	272	260	288	253	282	285	284	284	293	258	264	289	277	287	262
255	294	281	283	283	289	268	289	277	284	299	285	296	296	270	269	293	281	288	266
265	300	286	286	293	290	290	294	279	296	300	299	299	299	278	281	300	287	297	276
277	0	297	0	0	0	297	0	280	0	0	0	0	0	297	0	0	0	0	294

expected score
1.0	0.395	0.519	0.642

2.0	0.406	0.531	0.653

3.0	0.352	0.471	0.593

4.0	0.363	0.484	0.605

5.0	0.393	0.513	0.633

6.0	0.363	0.487	0.612

7.0	0.383	0.5	0.617

8.0	0.393	0.515	0.638

9.0	0.384	0.505	0.627

10.0	0.391	0.512	0.634

11.0	0.354	0.475	0.598

12.0	0.388	0.509	0.63

13.0	0.377	0.498	0.621

14.0	0.397	0.515	0.635

15.0	0.408	0.527	0.646

16.0	0.367	0.487	0.607

17.0	0.392	0.515	0.637

18.0	0.407	0.528	0.648

19.0	0.386	0.509	0.632

20.0	0.408	0.528	0.648

Categorical variables
Unit
U12	0	0	0	3	0	0	0	0	0	0	0	3	0	3	0	0	0	0	0	0
U10	0	0	2	0	0	2	2	0	0	0	0	0	0	0	0	0	0	0	0	0
U5	0	3	0	0	0	0	0	3	0	0	0	0	0	0	0	0	0	0	3	0
U4	0	0	0	0	0	0	0	0	0	3	0	0	0	0	3	3	0	0	0	0
U11	0	0	0	0	0	0	0	0	3	0	3	0	0	0	0	0	0	0	3	0
U8	0	0	3	0	0	0	0	0	0	0	0	0	0	0	0	0	0	3	3	0
U2	0	0	0	0	0	0	0	0	0	0	0	0	0	0	0	0	0	0	0	0
U1	0	0	0	0	0	0	0	3	0	0	0	3	0	0	0	0	3	0	0	0
U3	0	0	0	0	0	0	3	0	0	0	3	0	0	0	0	3	0	0	0	0
U9	0	0	0	0	3	0	0	0	0	0	0	0	0	3	0	0	3	0	0	0
U6	0	0	0	0	3	0	0	0	0	3	0	0	0	0	0	0	3	0	0	0
U7	0	0	0	0	0	0	0	0	0	0	0	0	0	3	0	3	0	0	0	3

Domain
Numbers	10	10	10	10	10	10	10	10	10	9	10	10	10	10	10	10	10	10	10	10
Space and Figures	10	10	10	10	9	9	10	10	10	10	10	10	10	10	10	10	10	10	10	10
Data and Forecasting	10	10	10	10	10	10	10	10	10	10	10	10	10	10	10	10	10	10	10	10
Relations and Functions	10	9	10	9	10	10	10	9	10	10	9	9	9	9	10	9	9	9	9	10

Dimension
Knowing	25	25	26	26	26	25	26	26	26	26	25	26	25	25	26	25	26	26	24	26
Problem Solving	9	10	10	9	9	9	9	9	10	9	9	9	10	10	9	9	9	9	10	9
Arguing	6	4	4	4	4	5	5	4	4	4	5	4	4	4	5	5	4	4	5	5

Answer_type
Multiple-Choice	29	27	27	31	28	27	25	33	30	28	25	27	25	33	32	24	29	31	31	31
Matching	7	7	6	3	7	7	10	4	5	7	5	8	7	5	5	11	6	5	4	7
Open-Ended	4	5	7	5	4	5	5	2	5	4	9	4	7	1	3	4	4	3	4	2

Sum variables

Overlap matrix
	1	2	3	4	5	6	7	8	9	10	11	12	13	14	15	16	17	18	19	20
1	40	2	2	3	1	6	5	6	5	3	7	3	6	4	8	2	4	6	2	9
2	2	39	4	4	6	4	2	6	5	5	5	4	6	3	2	6	4	4	7	5
3	2	4	40	3	4	8	6	1	6	4	5	7	7	2	4	3	4	7	8	0
4	3	4	3	39	3	4	7	4	4	7	2	5	3	6	5	7	2	5	4	3
5	1	6	4	3	39	3	7	4	6	6	7	3	4	5	3	3	10	4	4	3
6	6	4	8	4	3	39	7	7	5	1	3	1	2	6	2	3	5	7	5	6
7	5	2	6	7	7	7	40	2	2	4	5	2	3	5	4	7	2	4	3	4
8	6	6	1	4	4	7	2	39	4	3	4	6	2	2	6	2	9	4	5	5
9	5	5	6	4	6	5	2	4	40	3	9	5	5	3	2	7	2	2	9	2
10	3	5	4	7	6	1	4	3	3	39	1	5	8	4	8	6	5	7	4	2
11	7	5	5	2	7	3	5	4	9	1	39	5	4	2	0	5	5	3	6	5
12	3	4	7	5	3	1	2	6	5	5	5	39	7	6	6	1	8	4	4	3
13	6	6	7	3	4	2	3	2	5	8	4	7	39	5	2	3	4	4	5	5
14	4	3	2	6	5	6	5	2	3	4	2	6	5	39	3	5	6	2	3	11
15	8	2	4	5	3	2	4	6	2	8	0	6	2	3	40	7	6	7	2	6
16	2	6	3	7	3	3	7	2	7	6	5	1	3	5	7	39	2	4	1	6
17	4	4	4	2	10	5	2	9	2	5	5	8	4	6	6	2	39	2	2	2
18	6	4	7	5	4	7	4	4	2	7	3	4	4	2	7	4	2	39	6	3
19	2	7	8	4	4	5	3	5	9	4	6	4	5	3	2	1	2	6	39	3
20	9	5	0	3	3	6	4	5	2	2	5	3	5	11	6	6	2	3	3	40

Item use
8	4.0
13	4.0
14	4.0
19	4.0
21	4.0
24	4.0
30	4.0
59	4.0
64	4.0
67	4.0
69	4.0
73	4.0
75	4.0
80	4.0
83	4.0
84	4.0
92	4.0
105	4.0
118	4.0
130	4.0
131	4.0
153	4.0
156	4.0
159	4.0
161	4.0
175	4.0
181	4.0
189	4.0
190	4.0
194	4.0
196	4.0
207	4.0
234	4.0
236	4.0
241	4.0
252	4.0
265	4.0
280	4.0
281	4.0
284	4.0
297	4.0
299	4.0
1	3.0
2	3.0
5	3.0
6	3.0
7	3.0
9	3.0
11	3.0
12	3.0
15	3.0
16	3.0
17	3.0
18	3.0
20	3.0
22	3.0
23	3.0
25	3.0
26	3.0
27	3.0
28	3.0
29	3.0
31	3.0
32	3.0
33	3.0
34	3.0
35	3.0
37	3.0
38	3.0
39	3.0
40	3.0
43	3.0
44	3.0
45	3.0
47	3.0
49	3.0
51	3.0
52	3.0
53	3.0
54	3.0
56	3.0
58	3.0
62	3.0
63	3.0
65	3.0
66	3.0
68	3.0
71	3.0
74	3.0
76	3.0
77	3.0
79	3.0
81	3.0
85	3.0
86	3.0
87	3.0
88	3.0
89	3.0
91	3.0
93	3.0
94	3.0
96	3.0
98	3.0
100	3.0
101	3.0
102	3.0
104	3.0
109	3.0
111	3.0
112	3.0
113	3.0
114	3.0
115	3.0
116	3.0
117	3.0
119	3.0
121	3.0
122	3.0
124	3.0
125	3.0
126	3.0
128	3.0
129	3.0
133	3.0
134	3.0
138	3.0
139	3.0
140	3.0
141	3.0
142	3.0
146	3.0
149	3.0
150	3.0
151	3.0
152	3.0
154	3.0
158	3.0
160	3.0
163	3.0
164	3.0
165	3.0
166	3.0
167	3.0
168	3.0
169	3.0
172	3.0
173	3.0
174	3.0
177	3.0
178	3.0
179	3.0
180	3.0
182	3.0
184	3.0
185	3.0
186	3.0
188	3.0
191	3.0
193	3.0
197	3.0
198	3.0
199	3.0
200	3.0
201	3.0
202	3.0
203	3.0
204	3.0
205	3.0
208	3.0
209	3.0
210	3.0
211	3.0
212	3.0
213	3.0
214	3.0
215	3.0
216	3.0
217	3.0
218	3.0
219	3.0
220	3.0
221	3.0
222	3.0
224	3.0
226	3.0
228	3.0
229	3.0
230	3.0
231	3.0
232	3.0
233	3.0
238	3.0
243	3.0
244	3.0
245	3.0
246	3.0
247	3.0
248	3.0
249	3.0
250	3.0
251	3.0
253	3.0
254	3.0
255	3.0
256	3.0
257	3.0
258	3.0
259	3.0
260	3.0
261	3.0
262	3.0
264	3.0
266	3.0
270	3.0
271	3.0
272	3.0
275	3.0
276	3.0
277	3.0
278	3.0
279	3.0
282	3.0
283	3.0
285	3.0
286	3.0
287	3.0
288	3.0
289	3.0
293	3.0
294	3.0
296	3.0
300	3.0
36	2.0
90	2.0
110	2.0
120	2.0
127	2.0
145	2.0
176	2.0
183	2.0
187	2.0
206	2.0
223	2.0
237	2.0
268	2.0
274	2.0
290	2.0
42	1.0
48	1.0
55	1.0
57	1.0
61	1.0
72	1.0
97	1.0
106	1.0
108	1.0
132	1.0
135	1.0
144	1.0
157	1.0
162	1.0
170	1.0
171	1.0
225	1.0
269	1.0
3	0.0
4	0.0
10	0.0
41	0.0
46	0.0
50	0.0
60	0.0
70	0.0
78	0.0
82	0.0
95	0.0
99	0.0
103	0.0
107	0.0
123	0.0
136	0.0
137	0.0
143	0.0
147	0.0
148	0.0
155	0.0
192	0.0
195	0.0
227	0.0
235	0.0
239	0.0
240	0.0
242	0.0
263	0.0
267	0.0
273	0.0
291	0.0
292	0.0
295	0.0
298	0.0
