Length
1	2	3	4	5	6	7	8	9	10	11	12	13	14	15	16	17	18	19	20
46	46	46	46	47	46	46	46	46	46	46	46	46	46	46	46	46	46	46	46

design
15	1	3	7	2	2	9	35	1	6	2	3	8	8	6	1	15	7	3	6
16	9	4	22	5	5	10	36	13	12	5	4	53	47	12	29	16	14	4	12
17	10	9	24	13	22	11	37	14	20	15	7	60	64	19	35	17	19	8	21
20	11	10	26	18	24	14	45	18	21	16	13	64	65	23	45	19	48	20	28
38	26	11	33	23	25	30	52	25	33	17	18	65	68	32	46	30	49	26	34
40	37	21	34	25	27	31	53	27	37	41	22	69	90	70	53	32	50	28	35
58	38	24	47	27	31	72	73	28	46	48	23	77	92	78	61	38	59	29	36
61	42	33	48	31	39	102	75	29	51	49	30	84	99	83	75	41	70	34	40
69	43	59	49	39	41	103	77	32	52	50	42	85	105	92	77	58	71	45	51
71	57	63	50	40	44	105	111	36	57	58	43	93	123	98	80	62	79	57	54
74	59	64	54	42	47	114	116	39	101	62	68	94	153	119	86	63	84	61	55
76	80	79	55	43	60	117	122	44	106	68	85	95	155	122	93	71	87	73	56
91	81	92	56	44	62	132	126	46	111	72	87	105	156	124	94	72	88	75	66
98	82	110	66	51	63	133	127	52	115	74	88	116	157	130	95	74	89	81	73
107	84	129	81	54	65	134	128	67	118	83	89	119	162	132	96	76	91	82	76
132	86	131	82	55	67	137	135	69	126	100	97	130	170	133	99	83	129	93	78
133	99	136	85	56	79	151	143	70	127	108	112	131	179	134	120	91	144	94	80
134	100	154	98	60	104	159	145	78	128	114	136	136	184	142	121	100	146	95	86
147	101	156	108	66	108	160	152	96	135	116	141	142	190	161	135	107	150	96	90
150	107	170	110	67	109	171	165	103	143	117	144	154	203	163	143	114	151	97	97
164	115	171	113	87	110	172	166	104	145	123	153	161	204	168	145	117	154	101	102
169	120	172	125	88	137	173	167	106	152	124	158	163	205	176	189	119	159	102	112
175	121	173	131	89	139	181	178	109	165	129	181	179	206	178	196	124	160	103	125
191	126	179	144	90	155	185	186	111	166	139	185	185	214	184	197	130	161	106	138
208	127	180	148	104	156	192	189	113	167	141	192	186	216	188	198	141	163	112	140
221	128	182	149	109	157	204	197	118	168	151	193	188	220	190	199	142	175	115	148
226	138	183	153	113	170	205	198	122	177	157	195	192	222	207	210	147	180	120	155
236	139	184	158	118	182	206	199	169	189	162	204	203	223	209	211	150	181	121	158
252	147	187	168	123	203	224	202	176	197	164	205	209	229	229	212	159	186	137	174
254	149	190	171	125	214	233	210	177	201	169	206	214	233	234	215	160	188	138	194
259	165	193	172	140	217	237	211	178	202	182	218	216	234	241	232	162	191	140	195
281	166	196	173	174	218	238	212	193	207	201	228	220	240	247	235	164	194	148	198
282	167	200	174	196	223	254	213	194	213	231	230	222	243	249	242	175	195	149	199
283	176	215	187	201	231	257	227	202	231	240	239	229	244	250	248	191	208	152	200
284	177	216	219	215	233	265	232	207	232	246	241	234	245	251	249	208	219	183	219
286	180	217	224	217	243	273	235	209	237	272	247	243	249	256	250	221	221	200	230
288	183	218	237	241	244	282	242	227	238	274	259	244	250	257	251	226	224	213	264
289	187	220	238	278	245	283	246	247	242	278	276	245	251	259	255	236	225	225	270
290	210	222	253	279	265	284	248	254	248	280	277	246	260	262	256	252	226	227	275
291	211	223	267	280	271	285	258	255	253	281	285	256	265	263	258	266	228	235	276
293	212	225	276	293	273	288	261	262	255	288	292	257	268	264	260	281	230	239	277
294	240	228	277	298	274	289	263	264	262	289	295	258	271	266	261	286	236	253	280
296	261	239	285	299	298	290	269	266	269	290	298	260	272	270	282	291	252	263	292
297	269	268	297	301	304	291	287	267	272	295	299	268	273	275	283	294	270	267	293
300	310	279	301	302	309	296	296	275	287	303	303	271	304	278	284	295	286	279	301
304	312	299	302	303	311	297	306	306	302	311	309	274	311	294	287	309	292	306	312
0	0	0	0	312	0	0	0	0	0	0	0	0	0	0	0	0	0	0	0

expected score
Categorical variables
UNIT
D3	0	0	2	0	0	0	0	0	0	0	0	2	0	0	0	0	0	0	2	0
D8	0	3	3	0	0	0	3	0	0	0	0	0	0	0	0	0	0	0	0	0
D12	3	0	0	0	0	0	0	0	0	0	3	0	0	0	0	0	3	0	0	0
D3b	0	2	0	0	2	0	0	0	0	0	0	2	0	0	0	0	0	0	0	0
D8b	0	0	0	3	0	0	0	0	0	0	3	0	0	0	0	0	0	3	0	0
D12b	0	0	0	3	3	0	0	0	0	0	0	0	0	0	0	0	0	0	0	3
D3c	0	2	0	2	0	0	0	0	0	0	0	0	0	0	0	0	0	0	2	0
D8c	0	0	0	0	3	0	0	0	0	0	0	3	0	0	0	0	0	3	0	0
D12c	0	0	0	0	0	0	0	0	0	0	0	0	3	0	0	3	0	0	3	0
D3d	0	2	0	0	0	0	0	0	0	0	0	0	0	0	0	2	0	0	2	0
D8d	0	3	0	0	0	0	0	3	0	3	0	0	0	0	0	0	0	0	0	0
D12d	3	0	0	0	0	0	3	0	0	0	0	0	0	0	3	0	0	0	0	0
D3e	0	0	0	0	0	0	2	0	0	0	0	0	0	0	0	0	2	2	0	0
D8e	0	3	0	0	0	0	0	3	0	3	0	0	0	0	0	0	0	0	0	0
D12e	0	0	3	3	0	0	3	0	0	0	0	0	0	0	0	0	0	0	0	0
D3f	0	0	0	0	0	0	0	2	0	0	0	0	0	0	0	2	0	0	0	2
D8f	0	0	0	0	0	0	3	0	0	0	0	3	0	3	0	0	0	0	0	0
D12f	0	3	0	0	0	0	0	3	0	0	0	0	0	0	0	3	0	0	0	0
D3g	0	0	0	2	0	0	2	0	0	2	0	0	0	0	0	0	0	0	0	0
D8g	0	0	0	0	0	3	0	0	0	0	0	0	3	3	0	0	0	0	0	0
D12g	0	0	0	0	0	0	0	0	0	0	0	0	0	3	3	3	0	0	0	0
D3h	0	0	0	2	0	0	0	0	0	0	0	2	0	0	0	0	0	0	0	2
D8h	3	0	0	0	0	0	3	0	0	0	0	0	0	0	0	3	0	0	0	0
D12h	3	0	0	0	0	0	3	0	0	0	3	0	0	0	0	0	0	0	0	0

DOMAIN
Numeri	11	11	11	11	13	15	11	11	11	11	20	11	11	11	11	11	11	12	11	13
Dati e previsioni	16	17	14	13	11	10	21	17	9	17	13	11	11	13	12	17	10	10	10	10
Spazio e figure	12	13	11	14	13	12	9	9	14	12	8	18	12	13	12	10	16	17	15	18
Relazioni e funzioni	7	5	10	8	10	9	5	9	12	6	5	6	12	9	11	8	9	7	10	5

DIMENSION
Conoscere	27	26	24	30	29	27	25	26	25	27	29	28	27	23	28	34	28	24	28	30
Risolvere problemi	17	15	14	10	13	16	17	16	20	17	11	15	13	15	15	9	15	17	11	9
Argomentare	2	5	8	6	5	3	4	4	1	2	6	3	6	8	3	3	3	5	7	7

Sum variables

Overlap matrix
	1	2	3	4	5	6	7	8	9	10	11	12	13	14	15	16	17	18	19	20
1	46	3	0	2	2	1	13	1	3	1	11	1	1	1	6	4	24	11	2	3
2	3	46	7	5	3	1	3	12	3	12	3	2	1	2	1	10	4	3	11	4
3	0	7	46	8	5	10	6	0	1	2	2	8	9	12	3	2	1	7	7	2
4	2	5	8	46	9	5	8	0	2	6	4	9	2	2	2	0	0	7	8	13
5	2	3	5	9	47	13	1	0	11	4	7	12	1	2	3	2	0	3	2	14
6	1	1	10	5	13	46	5	0	7	1	11	4	9	18	0	0	4	1	1	1
7	13	3	6	8	1	5	46	1	3	2	7	8	4	7	4	3	7	6	3	1
8	1	12	0	0	0	0	1	46	8	22	2	0	6	0	3	22	0	1	9	5
9	3	3	1	2	11	7	3	8	46	10	1	4	2	0	13	5	2	3	8	6
10	1	12	2	6	4	1	2	22	10	46	3	0	0	1	5	11	0	0	8	4
11	11	3	2	4	7	11	7	2	1	3	46	4	3	7	3	0	18	5	0	1
12	1	2	8	9	12	4	8	0	4	0	4	46	4	5	4	0	4	10	5	8
13	1	1	9	2	1	9	4	6	2	0	3	4	46	18	11	8	3	6	4	0
14	1	2	12	2	2	18	7	0	0	1	7	5	18	46	8	5	1	0	1	2
15	6	1	3	2	3	0	4	3	13	5	3	4	11	8	46	4	9	6	1	6
16	4	10	2	0	2	0	3	22	5	11	0	0	8	5	4	46	0	0	11	5
17	24	4	1	0	0	4	7	0	2	0	18	4	3	1	9	0	46	14	0	1
18	11	3	7	7	3	1	6	1	3	0	5	10	6	0	6	0	14	46	1	6
19	2	11	7	8	2	1	3	9	8	8	0	5	4	1	1	11	0	1	46	10
20	3	4	2	13	14	1	1	5	6	4	1	8	0	2	6	5	1	6	10	46

Item use
1	3.0
2	3.0
3	3.0
4	3.0
5	3.0
6	3.0
7	3.0
8	3.0
9	3.0
10	3.0
11	3.0
12	3.0
13	3.0
14	3.0
15	3.0
16	3.0
17	3.0
18	3.0
19	3.0
20	3.0
21	3.0
22	3.0
23	3.0
24	3.0
25	3.0
26	3.0
27	3.0
28	3.0
29	3.0
30	3.0
31	3.0
32	3.0
33	3.0
34	3.0
35	3.0
36	3.0
37	3.0
38	3.0
39	3.0
40	3.0
41	3.0
42	3.0
43	3.0
44	3.0
45	3.0
46	3.0
47	3.0
48	3.0
49	3.0
50	3.0
51	3.0
52	3.0
53	3.0
54	3.0
55	3.0
56	3.0
57	3.0
58	3.0
59	3.0
60	3.0
61	3.0
62	3.0
63	3.0
64	3.0
65	3.0
66	3.0
67	3.0
68	3.0
69	3.0
70	3.0
71	3.0
72	3.0
73	3.0
74	3.0
75	3.0
76	3.0
77	3.0
78	3.0
79	3.0
80	3.0
81	3.0
82	3.0
83	3.0
84	3.0
85	3.0
86	3.0
87	3.0
88	3.0
89	3.0
90	3.0
91	3.0
92	3.0
93	3.0
94	3.0
95	3.0
96	3.0
97	3.0
98	3.0
99	3.0
100	3.0
101	3.0
102	3.0
103	3.0
104	3.0
105	3.0
106	3.0
107	3.0
108	3.0
109	3.0
110	3.0
111	3.0
112	3.0
113	3.0
114	3.0
115	3.0
116	3.0
117	3.0
118	3.0
119	3.0
120	3.0
121	3.0
122	3.0
123	3.0
124	3.0
125	3.0
126	3.0
127	3.0
128	3.0
129	3.0
130	3.0
131	3.0
132	3.0
133	3.0
134	3.0
135	3.0
136	3.0
137	3.0
138	3.0
139	3.0
140	3.0
141	3.0
142	3.0
143	3.0
144	3.0
145	3.0
147	3.0
148	3.0
149	3.0
150	3.0
151	3.0
152	3.0
153	3.0
154	3.0
155	3.0
156	3.0
157	3.0
158	3.0
159	3.0
160	3.0
161	3.0
162	3.0
163	3.0
164	3.0
165	3.0
166	3.0
167	3.0
168	3.0
169	3.0
170	3.0
171	3.0
172	3.0
173	3.0
174	3.0
175	3.0
176	3.0
177	3.0
178	3.0
179	3.0
180	3.0
181	3.0
182	3.0
183	3.0
184	3.0
185	3.0
186	3.0
187	3.0
188	3.0
189	3.0
190	3.0
191	3.0
192	3.0
193	3.0
194	3.0
195	3.0
196	3.0
197	3.0
198	3.0
199	3.0
200	3.0
201	3.0
202	3.0
203	3.0
204	3.0
205	3.0
206	3.0
207	3.0
208	3.0
209	3.0
210	3.0
211	3.0
212	3.0
213	3.0
214	3.0
215	3.0
216	3.0
217	3.0
218	3.0
219	3.0
220	3.0
221	3.0
222	3.0
223	3.0
224	3.0
225	3.0
226	3.0
227	3.0
228	3.0
229	3.0
230	3.0
231	3.0
232	3.0
233	3.0
234	3.0
235	3.0
236	3.0
237	3.0
238	3.0
239	3.0
240	3.0
241	3.0
242	3.0
243	3.0
244	3.0
245	3.0
246	3.0
247	3.0
248	3.0
249	3.0
250	3.0
251	3.0
252	3.0
253	3.0
254	3.0
255	3.0
256	3.0
257	3.0
258	3.0
259	3.0
260	3.0
261	3.0
262	3.0
263	3.0
264	3.0
265	3.0
266	3.0
267	3.0
268	3.0
269	3.0
270	3.0
271	3.0
272	3.0
273	3.0
274	3.0
275	3.0
276	3.0
277	3.0
278	3.0
279	3.0
280	3.0
281	3.0
282	3.0
283	3.0
284	3.0
285	3.0
286	3.0
287	3.0
288	3.0
289	3.0
290	3.0
291	3.0
292	3.0
293	3.0
294	3.0
295	3.0
296	3.0
297	3.0
298	3.0
299	3.0
301	3.0
302	3.0
303	3.0
304	3.0
306	3.0
309	3.0
311	3.0
312	3.0
146	1.0
300	1.0
310	1.0
305	0.0
307	0.0
308	0.0
