Length
1	2	3	4	5	6	7	8	9	10	11	12	13	14	15	16	17	18	19	20
39	40	39	39	39	38	40	40	40	39	40	39	40	40	38	39	40	40	39	39

design
15	8	19	2	8	5	7	1	6	17	12	13	5	5	26	2	1	1	8	2
23	28	20	12	9	6	14	9	13	20	14	14	6	11	45	12	7	8	13	11
24	30	21	17	24	9	16	15	16	22	28	22	7	38	54	17	16	11	19	18
27	32	30	18	27	15	26	19	26	25	40	25	13	52	56	18	20	14	23	28
38	57	40	33	32	25	34	31	42	32	57	34	21	53	59	19	21	21	31	30
44	63	52	36	35	30	47	39	43	33	63	43	24	57	65	64	22	33	36	31
56	67	59	37	36	43	49	51	45	34	88	48	27	59	66	74	23	35	44	39
62	68	69	52	61	51	55	54	48	42	89	49	35	76	83	77	24	47	53	63
66	73	77	67	64	59	75	65	51	61	96	55	39	80	90	85	42	56	68	64
69	79	83	71	69	62	80	74	53	71	120	67	40	82	98	96	44	71	75	65
84	108	85	73	75	74	86	75	64	73	126	68	47	100	112	102	45	84	77	91
92	109	93	83	80	88	104	79	69	79	130	83	48	113	113	111	55	87	81	110
98	120	104	87	86	91	109	84	76	81	131	96	54	128	121	112	61	105	85	116
111	138	108	92	89	100	114	92	80	87	140	100	76	131	124	119	62	109	115	119
113	140	117	119	93	101	127	93	84	104	141	102	81	149	125	125	66	121	116	126
115	144	149	128	101	117	129	101	88	105	149	105	90	153	129	128	67	124	126	139
118	146	150	129	105	134	133	102	94	117	151	115	92	156	130	130	73	132	138	142
120	148	163	138	111	143	153	103	98	122	158	118	108	168	131	140	82	163	145	165
122	155	164	169	118	146	154	122	103	127	166	141	110	177	139	151	86	165	181	182
125	159	175	173	121	154	159	141	112	130	167	146	116	184	142	155	89	175	193	186
133	181	177	180	124	159	166	150	114	131	176	150	118	186	153	165	110	181	196	187
145	183	179	182	160	161	170	156	142	133	177	152	127	198	166	167	114	191	210	189
152	185	183	185	161	162	172	163	156	152	182	164	139	203	188	175	151	194	212	196
153	190	184	190	169	172	173	168	168	154	187	167	145	208	206	184	158	199	214	198
155	204	206	197	173	188	178	179	172	159	189	174	158	209	207	191	161	207	221	202
156	208	210	215	174	190	188	185	174	172	191	176	161	215	212	203	178	214	223	224
160	209	211	217	178	200	192	190	176	206	194	187	162	218	218	205	189	219	224	231
164	230	217	222	180	213	202	196	181	221	199	193	186	219	232	208	194	226	230	238
169	234	219	233	197	223	209	202	183	225	201	201	226	234	241	210	196	235	237	245
175	237	221	234	216	233	211	207	194	240	205	203	228	252	255	215	216	238	245	250
179	244	240	236	231	236	217	212	201	241	216	205	236	270	259	222	234	247	250	252
189	248	251	257	233	238	220	222	204	251	232	207	247	284	260	232	243	249	254	258
199	271	261	262	246	248	243	250	220	253	235	211	252	285	266	237	244	256	258	264
218	274	264	266	248	256	244	253	223	254	236	228	259	289	277	241	246	257	263	265
220	281	276	269	255	275	254	256	224	257	245	230	265	290	278	249	252	265	271	266
243	282	277	270	262	279	265	258	241	260	247	261	269	294	281	259	253	278	272	280
264	284	279	275	277	297	280	261	246	276	268	270	272	295	287	269	260	282	274	287
286	288	280	296	283	299	281	278	251	280	288	271	275	296	297	282	272	285	290	288
289	289	283	299	285	0	284	279	255	281	293	283	276	297	0	294	287	294	293	293
0	300	0	0	0	0	296	297	290	0	299	0	284	299	0	0	300	300	0	0

expected score
1.0	0.388	0.511	0.633

2.0	0.374	0.494	0.616

3.0	0.378	0.501	0.625

4.0	0.385	0.506	0.628

5.0	0.374	0.501	0.627

6.0	0.366	0.487	0.61

7.0	0.363	0.484	0.607

8.0	0.381	0.501	0.622

9.0	0.42	0.538	0.656

10.0	0.402	0.522	0.643

11.0	0.412	0.528	0.644

12.0	0.387	0.509	0.631

13.0	0.404	0.524	0.644

14.0	0.381	0.5	0.621

15.0	0.371	0.494	0.618

16.0	0.369	0.492	0.615

17.0	0.38	0.501	0.622

18.0	0.382	0.502	0.623

19.0	0.387	0.506	0.626

20.0	0.388	0.507	0.626

Categorical variables
Unit
U12	0	0	0	3	0	0	0	0	0	0	0	0	0	0	0	3	0	0	0	3
U10	2	0	0	0	0	0	0	0	0	0	0	0	0	0	0	0	2	0	2	0
U5	0	3	0	0	0	0	0	0	0	0	3	0	0	0	0	0	0	0	0	3
U4	0	0	0	0	0	0	0	3	0	0	0	0	0	0	0	0	0	0	3	3
U11	0	0	0	3	0	0	0	0	0	3	0	0	0	0	0	0	0	3	0	0
U8	0	3	0	0	0	0	0	0	0	0	0	3	0	0	0	0	0	0	3	0
U2	0	0	0	0	0	0	0	0	0	0	0	0	0	0	0	0	0	0	0	0
U1	0	0	3	0	0	0	0	0	0	0	0	0	0	0	0	3	0	0	3	0
U3	0	0	0	0	0	0	0	0	0	0	3	3	0	0	0	3	0	0	0	0
U9	0	0	0	0	0	0	0	0	0	0	3	0	0	0	0	0	0	0	3	3
U6	0	0	0	0	0	3	0	0	0	0	0	0	0	0	0	0	0	0	0	0
U7	0	0	0	3	3	0	0	0	0	0	0	0	0	0	0	0	0	0	0	0

Domain
Numbers	10	10	10	10	10	10	10	10	10	10	10	10	10	10	9	10	10	10	10	10
Space and Figures	10	10	10	10	10	9	10	10	10	10	10	10	10	10	10	10	10	10	10	9
Data and Forecasting	10	10	10	10	10	10	10	10	10	10	10	10	10	10	10	10	10	10	10	10
Relations and Functions	9	10	9	9	9	9	10	10	10	9	10	9	10	10	9	9	10	10	9	10

Dimension
Knowing	25	27	28	25	27	26	27	27	27	23	26	23	27	28	31	25	21	23	30	33
Problem Solving	9	9	9	12	9	7	6	7	12	7	10	7	9	10	4	8	14	13	4	4
Arguing	5	4	2	2	3	5	7	6	1	9	4	9	4	2	3	6	5	4	5	2

Answer_type
Multiple-Choice	27	30	30	27	35	26	27	27	29	28	34	31	29	29	27	27	27	28	33	30
Matching	6	5	7	9	3	2	7	8	7	5	4	5	7	7	5	6	9	7	4	7
Open-Ended	6	5	2	3	1	10	6	5	4	6	2	3	4	4	6	6	4	5	2	2

Sum variables

Overlap matrix
	1	2	3	4	5	6	7	8	9	10	11	12	13	14	15	16	17	18	19	20
1	39	3	5	2	7	2	4	6	5	3	3	4	5	6	7	4	7	4	4	2
2	3	40	3	6	3	5	6	3	3	5	6	5	2	6	1	5	5	5	8	4
3	5	3	39	3	4	4	4	7	3	9	3	6	4	6	4	6	2	4	5	3
4	2	6	3	39	7	5	4	4	0	6	4	3	4	7	3	9	3	4	2	5
5	7	3	4	7	39	5	5	4	6	3	2	4	5	2	4	2	8	6	3	2
6	2	5	4	5	5	38	4	9	6	5	3	4	6	5	3	1	2	2	1	3
7	4	6	4	4	5	4	40	2	6	10	2	5	5	5	6	0	8	4	2	3
8	6	3	7	4	4	9	2	40	5	3	1	5	3	3	6	4	3	6	7	7
9	5	3	3	0	6	6	6	5	40	4	4	6	4	6	7	3	6	3	6	3
10	3	5	9	6	3	5	10	3	4	39	2	5	3	1	6	3	7	5	3	1
11	3	6	3	4	2	3	2	1	4	2	40	8	4	5	4	9	6	6	3	9
12	4	5	6	3	4	4	5	5	6	5	8	39	4	3	2	5	3	3	6	1
13	5	2	4	4	5	6	5	3	4	3	4	4	40	5	4	2	8	6	5	7
14	6	6	6	7	2	5	5	3	6	1	5	3	5	40	6	6	3	4	2	4
15	7	1	4	3	4	3	6	6	7	6	4	2	4	6	38	6	4	5	1	5
16	4	5	6	9	2	1	0	4	3	3	9	5	2	6	6	39	1	6	5	5
17	7	5	2	3	8	2	8	3	6	7	6	3	8	3	4	1	40	4	4	5
18	4	5	4	4	6	2	4	6	3	5	6	3	6	4	5	6	4	40	3	4
19	4	8	5	2	3	1	2	7	6	3	3	6	5	2	1	5	4	3	39	9
20	2	4	3	5	2	3	3	7	3	1	9	1	7	4	5	5	5	4	9	39

Item use
8	4.0
13	4.0
14	4.0
19	4.0
21	4.0
24	4.0
30	4.0
59	4.0
64	4.0
67	4.0
69	4.0
73	4.0
75	4.0
80	4.0
83	4.0
84	4.0
92	4.0
105	4.0
118	4.0
130	4.0
131	4.0
153	4.0
156	4.0
159	4.0
161	4.0
172	4.0
175	4.0
181	4.0
189	4.0
190	4.0
194	4.0
196	4.0
207	4.0
234	4.0
236	4.0
241	4.0
252	4.0
265	4.0
280	4.0
281	4.0
284	4.0
297	4.0
299	4.0
1	3.0
2	3.0
5	3.0
6	3.0
7	3.0
9	3.0
11	3.0
12	3.0
15	3.0
16	3.0
17	3.0
18	3.0
20	3.0
22	3.0
23	3.0
25	3.0
26	3.0
27	3.0
28	3.0
31	3.0
32	3.0
33	3.0
34	3.0
35	3.0
36	3.0
39	3.0
40	3.0
42	3.0
43	3.0
44	3.0
45	3.0
47	3.0
48	3.0
51	3.0
52	3.0
53	3.0
54	3.0
55	3.0
56	3.0
57	3.0
61	3.0
62	3.0
63	3.0
65	3.0
66	3.0
68	3.0
71	3.0
74	3.0
76	3.0
77	3.0
79	3.0
81	3.0
85	3.0
86	3.0
87	3.0
88	3.0
89	3.0
93	3.0
96	3.0
98	3.0
100	3.0
101	3.0
102	3.0
104	3.0
108	3.0
109	3.0
110	3.0
111	3.0
112	3.0
113	3.0
114	3.0
115	3.0
116	3.0
117	3.0
119	3.0
120	3.0
121	3.0
122	3.0
124	3.0
125	3.0
126	3.0
127	3.0
128	3.0
129	3.0
133	3.0
138	3.0
139	3.0
140	3.0
141	3.0
142	3.0
145	3.0
146	3.0
149	3.0
150	3.0
151	3.0
152	3.0
154	3.0
155	3.0
158	3.0
163	3.0
164	3.0
165	3.0
166	3.0
167	3.0
168	3.0
169	3.0
173	3.0
174	3.0
176	3.0
177	3.0
178	3.0
179	3.0
182	3.0
183	3.0
184	3.0
185	3.0
186	3.0
187	3.0
188	3.0
191	3.0
199	3.0
201	3.0
202	3.0
203	3.0
205	3.0
206	3.0
208	3.0
209	3.0
210	3.0
211	3.0
212	3.0
215	3.0
216	3.0
217	3.0
218	3.0
219	3.0
220	3.0
221	3.0
222	3.0
223	3.0
224	3.0
230	3.0
232	3.0
233	3.0
237	3.0
238	3.0
243	3.0
244	3.0
245	3.0
246	3.0
247	3.0
248	3.0
250	3.0
251	3.0
253	3.0
254	3.0
255	3.0
256	3.0
257	3.0
258	3.0
259	3.0
260	3.0
261	3.0
264	3.0
266	3.0
269	3.0
270	3.0
271	3.0
272	3.0
275	3.0
276	3.0
277	3.0
278	3.0
279	3.0
282	3.0
283	3.0
285	3.0
287	3.0
288	3.0
289	3.0
290	3.0
293	3.0
294	3.0
296	3.0
300	3.0
38	2.0
49	2.0
82	2.0
90	2.0
91	2.0
103	2.0
160	2.0
162	2.0
180	2.0
193	2.0
197	2.0
198	2.0
204	2.0
214	2.0
226	2.0
228	2.0
231	2.0
235	2.0
240	2.0
249	2.0
262	2.0
274	2.0
37	1.0
94	1.0
132	1.0
134	1.0
143	1.0
144	1.0
148	1.0
170	1.0
192	1.0
200	1.0
213	1.0
225	1.0
263	1.0
268	1.0
286	1.0
295	1.0
3	0.0
4	0.0
10	0.0
29	0.0
41	0.0
46	0.0
50	0.0
58	0.0
60	0.0
70	0.0
72	0.0
78	0.0
95	0.0
97	0.0
99	0.0
106	0.0
107	0.0
123	0.0
135	0.0
136	0.0
137	0.0
147	0.0
157	0.0
171	0.0
195	0.0
227	0.0
229	0.0
239	0.0
242	0.0
267	0.0
273	0.0
291	0.0
292	0.0
298	0.0
