Length
1	2	3	4	5	6	7	8	9	10	11	12	13	14	15	16	17	18	19	20
48	48	48	48	48	48	48	48	47	48	48	48	48	48	48	48	48	48	48	48

design
5	3	2	25	1	1	2	9	2	8	18	21	6	3	14	3	25	8	1	5
9	4	6	27	7	5	14	10	5	14	19	24	12	4	47	4	38	14	18	6
10	13	20	41	8	8	25	11	7	22	22	25	21	15	52	13	39	15	27	7
11	18	22	44	9	12	29	26	19	44	30	26	29	16	61	15	41	16	28	20
12	23	33	45	10	18	31	27	30	58	31	31	34	17	69	16	54	17	47	30
19	42	39	46	11	23	33	28	38	67	37	45	41	23	71	17	55	24	53	53
20	43	48	59	13	24	34	29	54	69	44	53	47	32	72	27	56	26	63	64
21	47	49	64	32	36	40	33	55	73	57	59	51	37	91	28	66	32	65	67
34	48	50	70	36	44	45	83	56	76	63	70	59	38	102	32	71	36	68	75
39	49	53	74	40	58	51	85	60	98	79	72	60	67	115	40	84	57	79	80
42	50	66	80	46	60	52	97	66	101	87	75	70	77	116	42	96	62	86	81
43	57	81	90	52	64	64	104	85	110	88	78	72	92	117	43	98	71	87	82
61	68	82	93	57	65	65	120	103	117	89	81	76	99	122	46	116	73	88	83
66	75	90	94	58	69	68	121	107	123	97	82	78	101	139	48	126	77	89	96
87	83	108	95	62	73	71	122	109	137	98	96	83	106	144	49	127	86	92	108
88	91	115	97	80	78	79	126	111	146	99	118	100	118	146	50	128	91	99	110
89	93	124	100	84	102	93	127	123	177	107	131	105	149	150	51	135	100	103	112
92	94	125	101	85	109	94	128	129	186	125	132	112	164	155	54	137	102	104	141
120	95	129	105	86	111	95	130	131	195	126	133	117	169	156	55	140	110	119	142
121	103	131	108	90	118	109	132	141	204	127	134	119	178	165	56	148	114	136	143
122	105	149	112	92	119	115	133	161	205	128	138	124	184	166	61	151	120	145	145
140	110	163	125	96	135	124	134	181	206	135	140	125	186	167	62	159	121	151	150
157	114	174	129	105	139	139	141	185	208	145	142	130	194	170	63	160	130	164	158
161	116	183	135	106	144	143	147	203	210	147	144	138	200	171	77	162	132	168	159
168	138	185	142	107	165	149	154	207	211	148	149	168	201	172	84	169	133	176	160
182	144	189	146	111	166	176	155	209	212	151	150	169	203	173	86	170	134	184	183
188	153	194	148	114	167	178	161	210	213	153	154	171	209	175	103	174	136	196	189
190	156	195	153	131	179	181	162	211	218	161	157	172	221	177	104	176	137	207	198
196	157	201	158	136	186	183	164	212	222	163	158	173	223	200	106	177	142	215	199
216	189	202	159	147	190	185	170	220	226	164	163	174	234	208	122	178	155	220	202
217	192	213	160	165	193	188	175	222	243	179	187	188	239	209	123	180	171	225	213
222	198	214	183	166	197	208	179	227	244	180	196	193	240	217	162	182	172	234	214
223	199	215	187	167	200	217	180	228	245	182	219	200	255	222	175	184	173	242	228
224	224	227	192	170	218	220	181	229	247	204	224	218	260	228	181	194	187	243	231
225	236	229	197	198	219	241	201	231	252	205	225	233	261	233	202	195	190	244	236
227	239	231	204	199	221	242	214	237	261	206	236	234	262	240	203	197	192	245	237
233	253	232	205	210	246	243	220	238	265	223	257	235	265	248	215	203	193	249	238
249	261	237	206	211	253	244	235	241	266	226	259	239	273	258	216	209	216	250	246
250	263	238	207	212	254	245	248	254	268	240	260	242	294	265	242	247	227	251	249
251	270	241	221	213	259	248	255	257	274	246	264	248	296	272	256	255	254	252	250
259	272	262	226	219	260	256	261	259	276	252	282	275	299	276	266	263	266	253	251
271	275	267	232	229	267	257	264	262	277	266	283	286	300	277	278	273	270	258	278
272	282	281	235	247	271	268	274	264	278	273	284	295	302	280	293	281	271	268	279
280	283	282	239	252	281	278	292	270	285	279	291	297	303	281	305	288	286	276	291
285	284	283	258	256	287	288	293	275	293	287	298	301	305	286	306	289	287	277	301
296	295	284	267	263	301	289	299	280	298	291	300	305	307	288	309	290	295	285	303
298	297	287	298	279	302	290	302	292	303	299	304	306	310	289	311	291	296	297	306
300	300	294	304	292	304	307	305	0	309	312	309	310	311	290	312	294	307	312	311

expected score
1.0	0.622

2.0	0.586

3.0	0.577

4.0	0.598

5.0	0.566

6.0	0.565

7.0	0.589

8.0	0.56

9.0	0.582

10.0	0.6

11.0	0.57

12.0	0.586

13.0	0.584

14.0	0.606

15.0	0.59

16.0	0.636

17.0	0.619

18.0	0.588

19.0	0.615

20.0	0.584

Categorical variables
UNIT
D3	0	2	0	0	0	0	0	0	0	0	0	0	0	2	0	2	0	0	0	0
D8	3	0	0	0	3	0	0	3	0	0	0	0	0	0	0	0	0	0	0	0
D12	0	0	0	0	0	0	0	0	0	0	0	0	0	3	0	3	0	3	0	0
D3b	2	2	0	0	0	0	0	0	0	0	0	0	0	0	0	2	0	0	0	0
D8b	0	3	3	0	0	0	0	0	0	0	0	0	0	0	0	3	0	0	0	0
D12b	0	0	0	0	0	0	0	0	3	0	0	0	0	0	0	3	3	0	0	0
D3c	0	0	2	0	0	0	0	0	0	0	0	2	0	0	0	0	0	0	0	2
D8c	3	0	0	0	0	0	0	0	0	0	3	0	0	0	0	0	0	0	3	0
D12c	0	3	0	3	0	0	3	0	0	0	0	0	0	0	0	0	0	0	0	0
D3d	2	0	0	0	0	0	0	2	0	0	0	0	0	0	0	0	0	2	0	0
D8d	0	0	0	0	0	0	0	3	0	0	3	0	0	0	0	0	3	0	0	0
D12d	0	0	0	0	0	0	0	3	0	0	0	3	0	0	0	0	0	3	0	0
D3e	0	0	0	2	0	0	0	0	0	0	0	0	0	0	0	0	2	0	0	2
D8e	0	0	0	0	3	3	0	0	0	0	0	0	0	0	3	0	0	0	0	0
D12e	0	0	0	0	0	0	0	0	0	0	0	0	3	0	3	0	0	3	0	0
D3f	0	2	0	0	2	0	0	0	0	0	0	0	0	0	0	0	0	0	0	2
D8f	0	0	0	3	0	0	0	0	0	3	3	0	0	0	0	0	0	0	0	0
D12f	0	0	0	0	3	0	0	0	3	3	0	0	0	0	0	0	0	0	0	0
D3g	0	0	2	0	0	0	0	0	2	0	0	0	0	0	0	0	0	0	0	2
D8g	0	0	0	0	0	0	3	0	0	3	0	0	0	0	0	0	0	0	3	0
D12g	3	0	0	0	0	0	0	0	0	0	0	0	0	0	0	0	0	0	3	3
D3h	0	0	0	0	0	0	0	0	0	2	0	0	0	0	2	0	0	0	2	0
D8h	0	3	3	0	0	0	0	0	0	0	0	3	0	0	0	0	0	0	0	0
D12h	0	0	0	0	0	0	3	0	0	0	0	0	0	0	3	0	3	0	0	0

DOMAIN
Numeri	12	13	11	12	12	13	12	12	12	12	12	12	11	11	12	13	11	12	13	11
Dati e previsioni	13	13	13	13	13	13	13	13	12	13	13	13	13	13	13	13	13	13	13	13
Spazio e figure	12	11	13	12	12	11	11	12	11	12	12	12	13	13	12	11	13	12	11	13
Relazioni e funzioni	11	11	11	11	11	11	12	11	12	11	11	11	11	11	11	11	11	11	11	11

DIMENSION
Conoscere	27	27	27	28	29	28	27	27	29	26	29	28	29	27	28	26	26	28	28	28
Risolvere problemi	16	16	16	14	14	14	16	15	13	17	14	15	14	16	15	17	17	15	14	15
Argomentare	5	5	5	6	5	6	5	6	5	5	5	5	5	5	5	5	5	5	6	5

Sum variables

Overlap matrix
	1	2	3	4	5	6	7	8	9	10	11	12	13	14	15	16	17	18	19	20
1	48	6	4	1	4	5	3	7	8	3	7	9	6	4	7	5	4	7	11	5
2	6	48	7	7	7	4	4	2	3	2	3	10	8	6	6	9	2	7	6	7
3	4	7	48	7	4	3	8	3	12	3	4	9	4	5	2	5	7	2	2	14
4	1	7	7	48	4	7	7	3	2	8	10	9	9	3	2	2	7	4	3	9
5	4	7	4	4	48	9	3	7	10	8	5	3	1	3	5	9	5	8	5	7
6	5	4	3	7	9	48	4	2	6	7	6	8	8	7	9	0	3	10	5	4
7	3	4	8	7	3	4	48	5	7	7	2	5	7	3	11	6	7	3	10	4
8	7	2	3	3	7	2	5	48	7	3	10	6	6	7	5	9	7	8	5	3
9	8	3	12	2	10	6	7	7	47	5	4	4	2	4	4	7	7	3	3	8
10	3	2	3	8	8	7	7	3	5	48	9	2	3	6	10	5	5	6	8	5
11	7	3	4	10	5	6	2	10	4	9	48	3	1	7	1	3	11	3	12	5
12	9	10	9	9	3	8	5	6	4	2	3	48	6	4	3	1	4	7	3	10
13	6	8	4	9	1	8	7	6	2	3	1	6	48	6	10	4	3	8	6	5
14	4	6	5	3	3	7	3	7	4	6	7	4	6	48	4	11	10	7	5	3
15	7	6	2	2	5	9	11	5	4	10	1	3	10	4	48	3	9	9	4	2
16	5	9	5	2	9	0	6	9	7	5	3	1	4	11	3	48	6	9	9	4
17	4	2	7	7	5	3	7	7	7	5	11	4	3	10	9	6	48	2	3	4
18	7	7	2	4	8	10	3	8	3	6	3	7	8	7	9	9	2	48	2	2
19	11	6	2	3	5	5	10	5	3	8	12	3	6	5	4	9	3	2	48	5
20	5	7	14	9	7	4	4	3	8	5	5	10	5	3	2	4	4	2	5	48

Item use
5	4.0
8	4.0
14	4.0
18	4.0
25	4.0
27	4.0
32	4.0
44	4.0
47	4.0
53	4.0
57	4.0
64	4.0
66	4.0
71	4.0
83	4.0
86	4.0
92	4.0
96	4.0
103	4.0
105	4.0
110	4.0
122	4.0
125	4.0
131	4.0
135	4.0
142	4.0
144	4.0
149	4.0
161	4.0
164	4.0
170	4.0
181	4.0
183	4.0
200	4.0
203	4.0
209	4.0
213	4.0
220	4.0
222	4.0
227	4.0
239	4.0
242	4.0
248	4.0
252	4.0
259	4.0
261	4.0
266	4.0
278	4.0
281	4.0
287	4.0
291	4.0
298	4.0
300	4.0
305	4.0
1	3.0
2	3.0
3	3.0
4	3.0
6	3.0
7	3.0
9	3.0
10	3.0
11	3.0
12	3.0
13	3.0
15	3.0
16	3.0
17	3.0
19	3.0
20	3.0
21	3.0
22	3.0
23	3.0
24	3.0
26	3.0
28	3.0
29	3.0
30	3.0
31	3.0
33	3.0
34	3.0
36	3.0
38	3.0
39	3.0
40	3.0
41	3.0
42	3.0
43	3.0
45	3.0
46	3.0
48	3.0
49	3.0
50	3.0
51	3.0
52	3.0
54	3.0
55	3.0
56	3.0
58	3.0
59	3.0
60	3.0
61	3.0
62	3.0
63	3.0
65	3.0
67	3.0
68	3.0
69	3.0
70	3.0
72	3.0
73	3.0
75	3.0
77	3.0
78	3.0
79	3.0
80	3.0
81	3.0
82	3.0
84	3.0
85	3.0
87	3.0
88	3.0
89	3.0
90	3.0
91	3.0
93	3.0
94	3.0
95	3.0
97	3.0
98	3.0
99	3.0
100	3.0
101	3.0
102	3.0
104	3.0
106	3.0
107	3.0
108	3.0
109	3.0
111	3.0
112	3.0
114	3.0
115	3.0
116	3.0
117	3.0
118	3.0
119	3.0
120	3.0
121	3.0
123	3.0
124	3.0
126	3.0
127	3.0
128	3.0
129	3.0
130	3.0
132	3.0
133	3.0
134	3.0
136	3.0
137	3.0
138	3.0
139	3.0
140	3.0
141	3.0
145	3.0
146	3.0
147	3.0
148	3.0
150	3.0
151	3.0
153	3.0
155	3.0
157	3.0
158	3.0
159	3.0
160	3.0
162	3.0
163	3.0
165	3.0
166	3.0
167	3.0
168	3.0
169	3.0
171	3.0
172	3.0
173	3.0
174	3.0
175	3.0
176	3.0
177	3.0
178	3.0
179	3.0
180	3.0
182	3.0
184	3.0
185	3.0
186	3.0
187	3.0
188	3.0
189	3.0
190	3.0
192	3.0
193	3.0
194	3.0
195	3.0
196	3.0
197	3.0
198	3.0
199	3.0
201	3.0
202	3.0
204	3.0
205	3.0
206	3.0
207	3.0
208	3.0
210	3.0
211	3.0
212	3.0
214	3.0
215	3.0
216	3.0
217	3.0
218	3.0
219	3.0
221	3.0
223	3.0
224	3.0
225	3.0
226	3.0
228	3.0
229	3.0
231	3.0
233	3.0
234	3.0
235	3.0
236	3.0
237	3.0
238	3.0
240	3.0
241	3.0
243	3.0
244	3.0
245	3.0
246	3.0
247	3.0
249	3.0
250	3.0
251	3.0
253	3.0
254	3.0
255	3.0
256	3.0
257	3.0
258	3.0
260	3.0
262	3.0
263	3.0
264	3.0
265	3.0
267	3.0
268	3.0
270	3.0
271	3.0
272	3.0
273	3.0
275	3.0
276	3.0
277	3.0
279	3.0
280	3.0
282	3.0
283	3.0
284	3.0
285	3.0
286	3.0
288	3.0
289	3.0
290	3.0
292	3.0
293	3.0
294	3.0
295	3.0
296	3.0
297	3.0
299	3.0
301	3.0
302	3.0
303	3.0
304	3.0
306	3.0
307	3.0
309	3.0
311	3.0
312	3.0
37	2.0
76	2.0
143	2.0
154	2.0
156	2.0
232	2.0
274	2.0
310	2.0
74	1.0
35	0.0
113	0.0
152	0.0
191	0.0
230	0.0
269	0.0
308	0.0
