Length
1	2	3	4	5	6	7	8	9	10	11	12	13	14	15	16	17	18	19	20
46	46	46	46	46	46	46	46	46	46	46	46	46	46	46	46	46	46	46	46

design
9	14	1	15	2	5	14	8	7	1	1	29	26	5	3	2	22	5	6	3
10	35	2	16	9	24	19	12	21	3	6	34	36	27	4	28	23	48	15	4
11	36	6	17	10	54	22	13	23	4	7	35	45	63	12	46	24	49	16	12
18	38	8	25	11	55	27	14	33	7	30	37	53	77	13	73	33	50	17	13
19	46	9	29	20	56	31	26	58	8	31	38	58	86	32	74	61	59	18	15
20	53	10	34	21	67	45	27	61	24	39	51	70	92	33	75	98	62	19	16
22	54	11	35	25	71	46	28	71	34	42	64	71	97	39	90	102	69	20	17
26	55	18	36	29	76	53	32	83	37	43	75	87	113	41	101	106	76	40	25
28	56	21	51	38	87	60	37	87	40	44	79	88	124	52	102	107	113	41	32
30	58	23	62	51	88	62	42	88	41	52	80	89	159	54	103	114	153	47	39
47	64	30	65	65	89	68	43	89	44	57	84	102	160	55	105	116	155	60	40
60	68	31	66	66	101	70	45	98	47	61	85	108	161	56	135	118	156	70	44
67	74	42	72	68	113	73	48	106	52	69	91	109	171	64	137	119	175	83	59
72	80	43	73	69	153	74	49	107	57	96	104	115	172	78	140	126	177	84	63
96	81	48	75	81	179	80	50	114	65	99	108	123	173	90	142	127	185	91	77
110	82	49	79	82	185	81	57	116	66	100	111	131	174	105	143	128	186	93	86
112	84	50	85	93	186	82	59	117	67	103	136	138	181	109	147	129	187	94	92
129	100	96	99	94	187	85	63	119	72	106	137	139	193	111	148	130	202	95	93
135	115	109	104	95	189	91	77	123	78	107	141	141	215	141	150	131	209	98	94
140	122	110	120	104	193	115	78	130	79	110	144	146	222	146	154	132	218	108	95
143	126	112	121	135	198	122	86	131	83	112	145	154	228	149	169	133	219	117	97
148	127	116	142	144	199	132	90	132	99	114	147	170	229	164	171	134	222	118	122
151	128	120	144	153	202	133	92	133	101	117	159	176	231	169	172	152	229	123	124
165	136	121	159	155	209	134	97	134	103	118	160	179	232	181	173	157	231	149	125
166	145	129	160	156	210	136	100	138	125	119	169	180	233	189	177	162	232	158	130
167	176	138	162	164	211	137	105	139	154	125	192	191	254	191	178	163	233	163	140
168	197	139	165	177	212	145	111	152	195	126	197	207	257	192	192	178	253	174	146
175	200	143	166	185	218	147	120	157	201	127	198	210	258	196	203	183	254	178	161
182	214	150	167	186	219	148	121	170	216	128	199	211	259	201	208	188	258	194	164
190	226	156	182	187	232	149	124	179	223	142	208	212	260	215	217	203	259	195	181
194	243	158	184	202	233	151	152	180	224	150	226	213	265	218	220	207	260	204	188
195	244	163	190	209	236	157	155	183	230	151	236	216	269	228	221	213	265	205	191
200	245	170	196	210	257	168	158	203	234	162	240	241	272	230	225	217	271	206	193
214	247	171	198	211	258	182	161	207	235	168	241	246	275	234	226	220	272	213	201
224	249	172	199	212	259	183	165	220	239	175	249	247	278	236	240	223	275	224	215
225	250	173	200	219	260	190	166	227	242	184	250	264	279	246	241	227	278	225	242
235	251	176	204	222	265	194	167	228	249	188	251	268	281	247	248	239	279	235	246
248	252	180	205	229	271	197	174	239	250	189	263	273	282	264	253	240	281	248	253
256	269	216	206	231	279	204	208	243	251	196	267	274	283	267	255	243	285	255	264
270	270	237	237	237	282	205	227	244	261	217	275	280	284	268	256	244	288	256	268
293	272	238	238	238	283	206	230	245	262	221	276	286	285	269	257	245	289	266	274
299	276	252	295	254	284	221	234	252	287	223	277	292	288	273	262	263	290	287	280
300	277	297	297	271	285	267	255	262	296	242	308	297	289	274	263	266	291	293	282
304	278	299	298	281	288	273	261	266	300	261	309	301	290	280	291	294	295	294	283
305	306	304	302	298	289	276	287	292	306	296	311	304	291	286	293	296	298	300	284
310	307	305	310	309	290	277	310	294	312	301	312	306	295	292	302	301	302	305	286

expected score
Categorical variables
UNIT
D3	0	0	0	0	0	0	0	0	0	2	0	0	0	0	2	0	0	0	0	2
D8	3	0	3	0	3	0	0	0	0	0	0	0	0	0	0	0	0	0	0	0
D12	0	0	0	3	0	0	0	0	0	0	0	0	0	0	0	0	0	0	3	3
D3b	0	0	2	0	0	0	0	2	0	0	2	0	0	0	0	0	0	0	0	0
D8b	0	0	3	0	0	0	0	3	0	0	0	0	0	0	0	0	0	3	0	0
D12b	0	3	0	0	0	3	0	0	0	0	0	0	0	0	3	0	0	0	0	0
D3c	0	2	0	0	2	0	2	0	0	0	0	0	0	0	0	0	0	0	0	0
D8c	0	0	0	0	0	3	0	0	3	0	0	0	3	0	0	0	0	0	0	0
D12c	0	0	0	0	3	0	0	0	0	0	0	0	0	0	0	0	0	0	3	3
D3d	0	0	2	2	0	0	0	2	0	0	0	0	0	0	0	0	0	0	0	0
D8d	0	3	0	0	0	0	0	0	0	0	3	0	0	0	0	0	3	0	0	0
D12d	0	0	0	0	0	0	3	0	3	0	0	0	0	0	0	0	3	0	0	0
D3e	0	0	0	2	0	0	0	0	0	0	0	2	0	2	0	0	0	0	0	0
D8e	3	0	0	3	0	0	0	3	0	0	0	0	0	0	0	0	0	0	0	0
D12e	0	0	3	0	0	0	0	0	0	0	0	0	0	3	0	3	0	0	0	0
D3f	0	0	0	2	0	2	0	0	0	0	0	2	0	0	0	0	0	0	0	0
D8f	0	0	0	3	0	0	3	0	0	0	0	0	0	0	0	0	0	0	3	0
D12f	0	0	0	0	3	3	0	0	0	0	0	0	3	0	0	0	0	0	0	0
D3g	0	0	2	2	2	0	0	0	0	0	0	0	0	0	0	0	0	0	0	0
D8g	0	3	0	0	0	0	0	0	3	0	0	0	0	0	0	0	3	0	0	0
D12g	0	3	0	0	0	0	0	0	0	3	0	3	0	0	0	0	0	0	0	0
D3h	0	2	0	0	0	0	2	0	0	0	0	2	0	0	0	0	0	0	0	0
D8h	0	0	0	0	0	3	0	0	0	0	0	0	0	3	0	0	0	0	0	3
D12h	0	0	0	0	0	3	0	0	0	0	0	0	0	3	0	0	0	3	0	0

DOMAIN
Numeri	12	8	9	10	14	9	8	8	10	7	13	15	15	11	11	14	17	16	15	11
Dati e previsioni	11	17	13	13	11	26	12	11	16	13	11	11	11	14	11	11	16	12	11	11
Spazio e figure	14	14	17	17	12	7	20	14	9	13	12	18	15	9	18	13	4	10	9	12
Relazioni e funzioni	9	7	7	6	9	4	6	13	11	13	10	2	5	12	6	8	9	8	11	12

DIMENSION
Conoscere	27	29	28	27	31	26	28	25	23	30	25	27	29	27	24	28	21	28	29	29
Risolvere problemi	15	15	14	12	10	16	12	16	20	10	16	14	10	13	18	14	20	13	13	14
Argomentare	4	2	4	7	5	4	6	5	3	6	5	5	7	6	4	4	5	5	4	3

Sum variables

Overlap matrix
	1	2	3	4	5	6	7	8	9	10	11	12	13	14	15	16	17	18	19	20
1	46	3	13	8	5	1	9	6	0	7	7	0	2	0	0	9	2	1	15	1
2	3	46	2	3	4	3	15	2	5	4	4	14	7	3	6	3	6	2	1	1
3	13	2	46	5	8	0	1	9	8	3	10	0	9	3	1	6	4	4	5	0
4	8	3	5	46	10	2	8	6	0	6	5	13	2	3	1	4	1	4	6	4
5	5	4	8	10	46	11	3	1	1	2	1	6	3	5	1	3	0	18	4	5
6	1	3	0	2	11	46	0	0	5	3	1	3	8	18	6	2	1	23	0	4
7	9	15	1	8	3	0	46	3	5	0	4	11	5	1	3	7	6	1	9	1
8	6	2	9	6	1	0	3	46	2	8	5	3	2	9	9	5	2	5	4	11
9	0	5	8	0	1	5	5	2	46	4	7	0	14	1	3	3	27	0	6	1
10	7	4	3	6	2	3	0	8	4	46	12	7	3	0	8	4	4	0	9	7
11	7	4	10	5	1	1	4	5	7	12	46	0	1	0	4	5	15	2	3	5
12	0	14	0	13	6	3	11	3	0	7	0	46	3	3	7	10	2	1	3	0
13	2	7	9	2	3	8	5	2	14	3	1	3	46	0	13	3	5	0	4	8
14	0	3	3	3	5	18	1	9	1	0	0	3	0	46	4	5	0	23	1	13
15	0	6	1	1	1	6	3	9	3	8	4	7	13	4	46	4	1	1	2	18
16	9	3	6	4	3	2	7	5	3	4	5	10	3	5	4	46	7	4	6	2
17	2	6	4	1	0	1	6	2	27	4	15	2	5	0	1	7	46	0	7	2
18	1	2	4	4	18	23	1	5	0	0	2	1	0	23	1	4	0	46	0	2
19	15	1	5	6	4	0	9	4	6	9	3	3	4	1	2	6	7	0	46	7
20	1	1	0	4	5	4	1	11	1	7	5	0	8	13	18	2	2	2	7	46

Item use
1	3.0
2	3.0
3	3.0
4	3.0
5	3.0
6	3.0
7	3.0
8	3.0
9	3.0
10	3.0
11	3.0
12	3.0
13	3.0
14	3.0
15	3.0
16	3.0
17	3.0
18	3.0
19	3.0
20	3.0
21	3.0
22	3.0
23	3.0
24	3.0
25	3.0
26	3.0
27	3.0
28	3.0
29	3.0
30	3.0
31	3.0
32	3.0
33	3.0
34	3.0
35	3.0
36	3.0
37	3.0
38	3.0
39	3.0
40	3.0
41	3.0
42	3.0
43	3.0
44	3.0
45	3.0
46	3.0
47	3.0
48	3.0
49	3.0
50	3.0
51	3.0
52	3.0
53	3.0
54	3.0
55	3.0
56	3.0
57	3.0
58	3.0
59	3.0
60	3.0
61	3.0
62	3.0
63	3.0
64	3.0
65	3.0
66	3.0
67	3.0
68	3.0
69	3.0
70	3.0
71	3.0
72	3.0
73	3.0
74	3.0
75	3.0
77	3.0
78	3.0
79	3.0
80	3.0
81	3.0
82	3.0
83	3.0
84	3.0
85	3.0
86	3.0
87	3.0
88	3.0
89	3.0
90	3.0
91	3.0
92	3.0
93	3.0
94	3.0
95	3.0
96	3.0
97	3.0
98	3.0
99	3.0
100	3.0
101	3.0
102	3.0
103	3.0
104	3.0
105	3.0
106	3.0
107	3.0
108	3.0
109	3.0
110	3.0
111	3.0
112	3.0
113	3.0
114	3.0
115	3.0
116	3.0
117	3.0
118	3.0
119	3.0
120	3.0
121	3.0
122	3.0
123	3.0
124	3.0
125	3.0
126	3.0
127	3.0
128	3.0
129	3.0
130	3.0
131	3.0
132	3.0
133	3.0
134	3.0
135	3.0
136	3.0
137	3.0
138	3.0
139	3.0
140	3.0
141	3.0
142	3.0
143	3.0
144	3.0
145	3.0
146	3.0
147	3.0
148	3.0
149	3.0
150	3.0
151	3.0
152	3.0
153	3.0
154	3.0
155	3.0
156	3.0
157	3.0
158	3.0
159	3.0
160	3.0
161	3.0
162	3.0
163	3.0
164	3.0
165	3.0
166	3.0
167	3.0
168	3.0
169	3.0
170	3.0
171	3.0
172	3.0
173	3.0
174	3.0
175	3.0
176	3.0
177	3.0
178	3.0
179	3.0
180	3.0
181	3.0
182	3.0
183	3.0
185	3.0
186	3.0
187	3.0
188	3.0
189	3.0
190	3.0
191	3.0
192	3.0
193	3.0
194	3.0
195	3.0
196	3.0
197	3.0
198	3.0
199	3.0
200	3.0
201	3.0
202	3.0
203	3.0
204	3.0
205	3.0
206	3.0
207	3.0
208	3.0
209	3.0
210	3.0
211	3.0
212	3.0
213	3.0
215	3.0
216	3.0
217	3.0
218	3.0
219	3.0
220	3.0
221	3.0
222	3.0
223	3.0
224	3.0
225	3.0
226	3.0
227	3.0
228	3.0
229	3.0
230	3.0
231	3.0
232	3.0
233	3.0
234	3.0
235	3.0
236	3.0
237	3.0
238	3.0
239	3.0
240	3.0
241	3.0
242	3.0
243	3.0
244	3.0
245	3.0
246	3.0
247	3.0
248	3.0
249	3.0
250	3.0
251	3.0
252	3.0
253	3.0
254	3.0
255	3.0
256	3.0
257	3.0
258	3.0
259	3.0
260	3.0
261	3.0
262	3.0
263	3.0
264	3.0
265	3.0
266	3.0
267	3.0
268	3.0
269	3.0
271	3.0
272	3.0
273	3.0
274	3.0
275	3.0
276	3.0
277	3.0
278	3.0
279	3.0
280	3.0
281	3.0
282	3.0
283	3.0
284	3.0
285	3.0
286	3.0
287	3.0
288	3.0
289	3.0
290	3.0
291	3.0
292	3.0
293	3.0
294	3.0
295	3.0
296	3.0
297	3.0
298	3.0
300	3.0
301	3.0
302	3.0
304	3.0
305	3.0
306	3.0
310	3.0
76	2.0
184	2.0
214	2.0
270	2.0
299	2.0
309	2.0
312	2.0
307	1.0
308	1.0
311	1.0
303	0.0
