Length
1	2	3	4	5	6	7	8	9	10	11	12	13	14	15	16	17	18	19	20
39	40	39	39	38	39	40	39	39	39	39	40	39	40	40	39	38	40	39	39

design
8	13	1	19	17	8	2	8	6	5	13	7	12	5	1	5	6	21	7	1
16	15	2	31	19	22	11	9	7	14	20	17	16	11	8	12	9	24	9	2
19	43	4	54	25	34	18	15	13	30	21	19	24	23	22	15	22	27	12	6
28	45	14	61	26	35	26	16	14	36	25	25	37	34	42	17	32	31	21	11
30	52	18	67	27	38	49	35	23	47	33	26	59	38	49	52	51	32	24	13
36	53	20	69	36	45	57	43	24	48	39	29	73	44	54	64	68	34	27	14
38	54	21	74	43	47	68	62	28	55	42	30	84	48	59	75	72	49	35	18
39	64	28	84	65	62	77	80	30	66	56	31	101	65	65	81	86	52	40	20
51	67	33	90	66	69	85	91	40	69	57	32	104	75	82	83	92	56	42	23
55	69	39	91	77	73	86	105	44	76	71	48	105	76	83	89	103	61	56	33
59	84	45	94	79	83	105	115	53	80	73	55	109	90	88	92	115	66	96	44
63	93	47	100	85	86	112	118	61	81	74	64	113	101	96	98	118	74	114	51
75	100	63	108	101	102	116	124	63	98	87	75	120	110	97	102	120	80	118	53
82	128	64	111	105	116	119	128	67	111	92	79	126	131	109	108	138	83	126	62
88	134	71	112	117	125	121	133	68	113	96	84	128	146	112	121	156	92	140	67
98	147	80	131	124	130	125	140	76	117	100	88	129	152	115	126	161	102	160	71
104	151	87	138	138	132	130	145	81	122	104	89	134	153	118	131	176	121	167	73
116	162	93	152	139	141	134	154	89	130	120	90	151	159	127	133	178	122	187	77
122	175	108	153	142	146	156	163	133	139	158	93	159	172	129	141	181	135	189	79
141	179	109	173	151	158	168	168	142	150	162	111	166	174	139	146	193	142	196	85
154	182	119	176	160	159	190	173	153	161	167	114	169	178	140	149	195	160	199	87
155	183	124	177	175	168	196	175	155	165	179	125	179	201	143	166	214	172	201	114
156	185	127	178	188	169	200	184	158	180	190	131	185	204	152	183	215	183	205	119
161	188	130	182	189	173	203	186	172	181	191	145	190	218	159	184	221	186	220	161
164	200	150	194	196	174	207	191	185	190	193	149	200	228	165	187	222	188	232	169
174	207	153	206	198	180	208	194	202	197	199	150	211	233	166	189	225	206	245	182
176	213	156	209	209	181	210	199	204	201	205	172	213	248	167	214	230	207	247	196
181	217	163	216	210	184	213	202	218	218	208	191	216	251	175	221	231	220	254	203
208	219	165	219	212	194	215	217	223	222	209	204	228	252	177	241	236	249	257	206
212	221	177	220	219	197	230	226	230	224	211	207	234	265	194	243	247	250	260	210
224	237	186	237	228	202	234	237	233	231	236	212	238	270	198	245	257	258	264	214
226	244	189	250	241	203	236	243	234	241	238	215	245	272	205	247	264	259	268	216
232	248	193	255	255	217	249	248	235	244	252	241	253	276	211	253	265	266	277	222
233	264	224	258	260	223	251	252	255	246	259	249	256	278	226	254	271	275	280	234
236	276	231	261	261	235	253	257	265	262	266	250	282	281	232	266	280	276	283	246
243	279	235	268	270	256	259	269	271	269	275	251	289	284	238	278	282	277	286	254
256	281	244	287	297	262	271	274	272	279	284	258	293	289	246	281	283	280	289	260
265	287	277	297	299	274	275	280	285	285	290	270	294	290	252	285	299	281	293	261
288	297	288	299	0	284	279	284	288	287	296	272	300	296	283	293	0	282	296	294
0	299	0	0	0	0	300	0	0	0	0	278	0	297	290	0	0	300	0	0

expected score
1.0	0.398	0.52	0.642

2.0	0.377	0.5	0.623

3.0	0.389	0.511	0.633

4.0	0.394	0.516	0.638

5.0	0.366	0.489	0.613

6.0	0.387	0.511	0.635

7.0	0.363	0.483	0.603

8.0	0.41	0.534	0.656

9.0	0.376	0.496	0.618

10.0	0.377	0.5	0.623

11.0	0.379	0.501	0.624

12.0	0.399	0.519	0.639

13.0	0.392	0.513	0.635

14.0	0.405	0.525	0.643

15.0	0.381	0.5	0.62

16.0	0.405	0.528	0.649

17.0	0.4	0.523	0.645

18.0	0.402	0.522	0.643

19.0	0.397	0.517	0.636

20.0	0.357	0.48	0.602

Categorical variables
Unit
U12	0	0	3	0	0	0	3	0	0	0	0	0	0	0	0	0	0	0	0	3
U10	0	0	0	0	0	0	0	0	2	0	0	0	0	2	0	0	0	0	0	2
U5	3	0	3	0	0	0	0	0	3	0	0	0	0	0	0	0	0	0	0	0
U4	0	0	0	3	0	0	0	0	0	0	0	3	0	0	0	0	0	3	0	0
U11	0	0	3	0	0	0	0	0	0	0	3	0	0	0	0	0	0	0	0	3
U8	0	0	0	0	0	0	3	0	3	0	0	0	0	0	0	0	3	0	0	0
U2	0	0	0	0	0	0	0	0	0	0	0	0	0	0	0	0	0	0	0	0
U1	0	0	0	0	3	0	3	0	0	0	0	0	0	0	0	0	0	0	0	3
U3	0	0	0	0	0	0	0	0	0	0	3	0	0	0	3	0	0	0	3	0
U9	0	0	0	0	0	0	0	0	0	0	0	0	3	0	0	3	0	0	3	0
U6	0	3	0	0	0	0	3	0	0	0	0	0	3	0	0	0	0	0	0	0
U7	0	0	0	0	0	3	0	0	0	3	0	0	0	0	0	0	0	0	0	0

Domain
Numbers	10	10	10	10	9	10	10	10	10	10	9	10	10	10	10	10	10	10	10	10
Space and Figures	10	10	10	10	10	10	10	10	10	10	10	10	10	10	10	10	9	10	10	10
Data and Forecasting	9	10	10	9	10	10	10	10	10	10	10	10	10	10	10	10	10	10	10	10
Relations and Functions	10	10	9	10	9	9	10	9	9	9	10	10	9	10	10	9	9	10	9	9

Dimension
Knowing	27	28	31	27	27	25	26	29	27	27	23	22	27	29	28	25	21	24	27	22
Problem Solving	9	7	6	9	9	12	9	5	8	10	8	13	9	9	5	7	9	9	6	12
Arguing	3	5	2	3	2	2	5	5	4	2	8	5	3	2	7	7	8	7	6	5

Answer_type
Multiple-Choice	28	27	30	27	27	27	27	28	32	28	27	28	28	31	29	29	32	27	32	31
Matching	7	7	3	7	6	9	9	7	4	7	5	8	6	2	6	6	5	6	6	5
Open-Ended	4	6	6	5	5	3	4	4	3	4	7	4	5	7	5	4	1	7	1	3

Sum variables

Overlap matrix
	1	2	3	4	5	6	7	8	9	10	11	12	13	14	15	16	17	18	19	20
1	39	0	6	2	3	7	4	5	7	8	4	6	4	5	6	4	7	1	1	2
2	0	40	4	11	7	3	5	7	4	4	4	4	8	4	2	6	3	6	1	4
3	6	4	39	3	2	4	5	4	6	9	7	3	1	1	5	3	3	4	3	9
4	2	11	3	39	8	3	1	4	4	3	3	8	2	6	5	2	4	7	2	5
5	3	7	2	8	38	0	6	4	2	5	2	8	4	5	4	3	2	5	5	7
6	7	3	4	3	0	39	6	11	4	7	3	1	4	6	5	5	3	3	1	4
7	4	5	5	1	6	6	40	2	4	3	6	6	8	2	2	2	7	7	1	10
8	5	7	4	4	4	11	2	39	2	2	4	2	3	3	8	4	5	3	7	1
9	7	4	6	4	2	4	4	2	39	6	2	6	3	10	0	4	5	4	3	8
10	8	4	9	3	5	7	3	2	6	39	1	6	2	5	3	5	4	3	1	4
11	4	4	7	3	2	3	6	4	2	1	39	2	7	4	8	2	4	7	8	6
12	6	4	3	8	8	1	6	2	6	6	2	40	1	10	1	8	2	7	2	2
13	4	8	1	2	4	4	8	3	3	2	7	1	39	4	7	6	2	3	6	5
14	5	4	1	6	5	6	2	3	10	5	4	10	4	40	5	6	2	4	3	3
15	6	2	5	5	4	5	2	8	0	3	8	1	7	5	40	2	4	2	8	2
16	4	6	3	2	3	5	2	4	4	5	2	8	6	6	2	39	4	8	8	2
17	7	3	3	4	2	3	7	5	5	4	4	2	2	2	4	4	38	4	7	5
18	1	6	4	7	5	3	7	3	4	3	7	7	3	4	2	8	4	40	8	1
19	1	1	3	2	5	1	1	7	3	1	8	2	6	3	8	8	7	8	39	4
20	2	4	9	5	7	4	10	1	8	4	6	2	5	3	2	2	5	1	4	39

Item use
8	4.0
13	4.0
14	4.0
19	4.0
21	4.0
24	4.0
30	4.0
64	4.0
67	4.0
69	4.0
73	4.0
75	4.0
80	4.0
83	4.0
84	4.0
92	4.0
105	4.0
118	4.0
130	4.0
131	4.0
153	4.0
156	4.0
159	4.0
161	4.0
172	4.0
175	4.0
181	4.0
189	4.0
190	4.0
194	4.0
196	4.0
207	4.0
234	4.0
236	4.0
241	4.0
252	4.0
265	4.0
280	4.0
281	4.0
284	4.0
297	4.0
299	4.0
1	3.0
2	3.0
5	3.0
6	3.0
7	3.0
9	3.0
11	3.0
12	3.0
15	3.0
16	3.0
17	3.0
18	3.0
20	3.0
22	3.0
23	3.0
25	3.0
26	3.0
27	3.0
28	3.0
31	3.0
32	3.0
33	3.0
34	3.0
35	3.0
36	3.0
38	3.0
39	3.0
42	3.0
43	3.0
44	3.0
45	3.0
47	3.0
48	3.0
49	3.0
51	3.0
52	3.0
53	3.0
54	3.0
55	3.0
56	3.0
59	3.0
61	3.0
62	3.0
63	3.0
65	3.0
66	3.0
68	3.0
71	3.0
74	3.0
76	3.0
77	3.0
79	3.0
81	3.0
85	3.0
86	3.0
87	3.0
88	3.0
89	3.0
90	3.0
93	3.0
96	3.0
98	3.0
100	3.0
101	3.0
102	3.0
104	3.0
108	3.0
109	3.0
111	3.0
112	3.0
114	3.0
115	3.0
116	3.0
119	3.0
120	3.0
121	3.0
122	3.0
124	3.0
125	3.0
126	3.0
128	3.0
133	3.0
134	3.0
138	3.0
139	3.0
140	3.0
141	3.0
142	3.0
146	3.0
150	3.0
151	3.0
152	3.0
158	3.0
160	3.0
165	3.0
166	3.0
167	3.0
168	3.0
169	3.0
173	3.0
174	3.0
176	3.0
177	3.0
178	3.0
179	3.0
182	3.0
183	3.0
184	3.0
185	3.0
186	3.0
188	3.0
191	3.0
193	3.0
199	3.0
200	3.0
201	3.0
202	3.0
203	3.0
204	3.0
205	3.0
206	3.0
208	3.0
209	3.0
210	3.0
211	3.0
212	3.0
213	3.0
214	3.0
215	3.0
216	3.0
217	3.0
218	3.0
219	3.0
220	3.0
221	3.0
222	3.0
224	3.0
226	3.0
228	3.0
230	3.0
231	3.0
232	3.0
233	3.0
235	3.0
237	3.0
238	3.0
243	3.0
244	3.0
245	3.0
246	3.0
247	3.0
248	3.0
249	3.0
250	3.0
251	3.0
253	3.0
254	3.0
255	3.0
256	3.0
257	3.0
258	3.0
259	3.0
260	3.0
261	3.0
264	3.0
266	3.0
270	3.0
271	3.0
272	3.0
275	3.0
276	3.0
277	3.0
278	3.0
279	3.0
282	3.0
283	3.0
285	3.0
287	3.0
288	3.0
289	3.0
290	3.0
293	3.0
296	3.0
300	3.0
40	2.0
57	2.0
82	2.0
91	2.0
113	2.0
117	2.0
127	2.0
129	2.0
145	2.0
149	2.0
154	2.0
155	2.0
162	2.0
163	2.0
180	2.0
187	2.0
197	2.0
198	2.0
223	2.0
262	2.0
268	2.0
269	2.0
274	2.0
294	2.0
4	1.0
29	1.0
37	1.0
72	1.0
94	1.0
97	1.0
103	1.0
110	1.0
132	1.0
135	1.0
143	1.0
147	1.0
164	1.0
195	1.0
225	1.0
286	1.0
3	0.0
10	0.0
41	0.0
46	0.0
50	0.0
58	0.0
60	0.0
70	0.0
78	0.0
95	0.0
99	0.0
106	0.0
107	0.0
123	0.0
136	0.0
137	0.0
144	0.0
148	0.0
157	0.0
170	0.0
171	0.0
192	0.0
227	0.0
229	0.0
239	0.0
240	0.0
242	0.0
263	0.0
267	0.0
273	0.0
291	0.0
292	0.0
295	0.0
298	0.0
