Length
1	2	3	4	5	6	7	8	9	10	11	12	13	14	15	16	17	18	19	20
46	46	47	45	47	45	45	46	45	45	45	45	45	45	45	45	45	45	45	45

design
8	9	2	6	3	42	1	2	25	5	1	12	36	7	1	12	5	13	3	7
19	10	6	25	4	43	5	13	28	20	3	20	37	21	2	26	8	27	4	8
21	11	9	27	9	51	6	15	40	33	4	23	42	24	7	34	22	30	24	13
26	18	10	45	10	54	21	16	58	36	14	29	43	32	15	41	25	65	32	14
36	19	11	51	11	55	30	17	63	47	22	35	57	33	16	62	30	76	34	18
62	38	14	60	23	56	31	18	66	52	23	41	64	38	17	64	32	78	39	26
70	54	15	72	24	57	35	20	75	53	33	52	71	41	19	67	37	92	40	28
71	55	16	73	42	64	38	22	80	59	44	87	97	54	27	87	40	102	48	31
77	56	17	83	43	66	58	34	84	76	46	88	105	55	29	88	46	103	49	35
86	59	28	113	57	75	59	44	86	81	48	89	108	56	44	89	47	106	50	65
93	61	29	124	61	77	67	45	90	82	49	91	111	61	72	96	53	110	60	68
94	66	31	125	71	92	81	48	97	87	50	98	115	63	91	99	65	114	63	69
95	80	37	130	73	101	82	49	98	88	51	99	126	67	117	107	68	118	69	83
101	93	39	137	74	104	86	50	99	89	58	109	127	70	124	125	70	130	78	90
105	94	45	138	75	108	90	60	100	112	84	131	128	73	136	132	74	136	79	96
120	95	46	139	80	110	93	62	107	116	85	139	132	78	137	133	77	140	83	102
121	107	47	141	104	111	94	69	109	119	92	144	133	81	142	134	79	146	85	116
125	116	52	143	108	113	95	79	119	120	96	159	134	82	171	143	101	149	98	123
139	117	53	148	110	118	104	91	122	121	97	160	141	85	172	157	103	152	100	135
144	119	68	150	112	126	105	106	129	129	118	170	142	109	173	159	111	158	114	136
147	126	72	154	115	127	120	114	138	140	131	182	151	112	176	160	115	164	122	147
150	127	74	156	117	128	121	122	145	153	141	189	152	113	187	169	138	178	123	201
156	128	76	161	123	196	124	129	159	154	146	191	153	145	190	182	148	179	131	202
171	132	100	174	152	204	135	130	160	162	148	192	155	149	192	189	150	181	140	210
172	133	102	175	153	205	144	157	171	168	149	195	163	154	208	192	161	184	143	211
173	134	106	181	163	206	147	158	172	188	156	196	200	157	210	193	169	186	145	212
174	137	135	185	165	214	155	162	173	194	168	197	204	165	211	195	175	203	146	216
210	151	162	194	166	224	184	164	176	200	178	208	205	166	212	197	177	213	155	219
211	163	174	195	167	226	218	183	180	208	179	209	206	167	214	198	183	217	158	221
212	165	176	209	170	229	239	184	183	215	180	215	214	168	216	199	185	235	164	236
215	166	185	213	181	236	247	186	191	222	186	222	230	187	217	201	190	237	169	241
217	167	202	220	193	243	249	196	202	229	187	223	237	188	221	203	200	238	178	256
227	170	221	228	197	244	250	223	216	249	190	243	238	189	225	218	227	248	179	257
246	175	231	230	204	245	251	225	233	250	207	244	241	191	227	219	228	258	182	259
247	198	239	231	205	249	256	226	236	251	209	245	242	193	234	220	229	260	188	266
260	199	240	232	206	250	258	228	237	255	232	248	246	207	235	224	230	262	198	269
271	207	259	248	223	251	263	232	238	264	235	252	247	218	257	226	231	264	199	272
276	213	261	253	224	252	268	234	240	267	266	261	255	233	258	233	241	269	201	274
277	219	268	273	225	261	281	242	253	272	268	265	270	254	262	240	266	275	203	276
279	222	271	274	234	265	282	252	255	280	288	288	279	272	264	265	273	276	253	277
295	243	273	291	239	267	283	260	257	282	289	289	280	291	292	267	274	277	254	278
296	244	281	294	242	285	284	262	259	283	290	290	285	293	294	278	275	278	271	280
301	245	282	298	246	293	286	288	269	284	292	299	293	298	300	291	300	279	281	287
302	263	283	303	254	295	294	289	302	299	302	300	305	303	308	305	307	286	286	299
303	275	284	308	256	297	295	290	309	305	306	309	311	310	312	311	310	287	292	309
307	285	287	0	263	0	0	298	0	0	0	0	0	0	0	0	0	0	0	0
0	0	307	0	270	0	0	0	0	0	0	0	0	0	0	0	0	0	0	0

expected score
Categorical variables
UNIT
D3	0	0	0	0	2	0	0	0	0	0	2	0	0	0	0	0	0	0	2	0
D8	0	3	3	0	3	0	0	0	0	0	0	0	0	0	0	0	0	0	0	0
D12	0	0	3	0	0	0	0	3	0	0	0	0	0	0	3	0	0	0	0	0
D3b	0	0	0	0	2	2	0	0	0	0	0	0	2	0	0	0	0	0	0	0
D8b	0	0	0	0	0	0	0	3	0	0	3	0	0	0	0	0	0	0	3	0
D12b	0	3	0	0	0	3	0	0	0	0	0	0	0	3	0	0	0	0	0	0
D3c	0	0	0	0	0	0	2	0	0	2	0	0	0	2	0	0	0	0	0	0
D8c	0	0	0	0	0	0	0	0	0	3	0	3	0	0	0	3	0	0	0	0
D12c	3	3	0	0	0	0	3	0	0	0	0	0	0	0	0	0	0	0	0	0
D3d	2	0	0	0	0	0	2	0	0	2	0	0	0	0	0	0	0	0	0	0
D8d	0	3	0	0	0	3	0	0	0	0	0	0	3	0	0	0	0	0	0	0
D12d	0	3	0	0	0	0	0	0	0	0	0	0	3	0	0	3	0	0	0	0
D3e	0	0	0	0	0	0	0	0	2	0	0	2	0	0	0	2	0	0	0	0
D8e	0	3	0	0	3	0	0	0	0	0	0	0	0	3	0	0	0	0	0	0
D12e	3	0	0	0	0	0	0	0	3	0	0	0	0	0	3	0	0	0	0	0
D3f	0	2	0	0	0	0	0	0	0	0	0	0	0	0	0	2	0	0	2	0
D8f	0	0	0	0	3	3	0	0	0	0	0	0	3	0	0	0	0	0	0	0
D12f	3	0	0	0	0	0	0	0	0	0	0	0	0	0	3	0	0	0	0	3
D3g	0	0	0	0	0	0	0	0	2	0	0	0	2	0	0	0	0	2	0	0
D8g	0	3	0	0	0	3	0	0	0	0	0	3	0	0	0	0	0	0	0	0
D12g	0	0	0	0	0	3	3	0	0	3	0	0	0	0	0	0	0	0	0	0
D3h	2	0	0	0	0	0	0	0	0	0	0	0	0	0	0	0	0	2	0	2
D8h	0	0	3	0	0	0	3	0	0	3	0	0	0	0	0	0	0	0	0	0
D12h	0	0	0	0	0	0	0	3	0	0	3	3	0	0	0	0	0	0	0	0

DOMAIN
Numeri	11	10	11	11	13	11	12	12	15	12	14	9	11	12	10	10	9	12	14	13
Dati e previsioni	15	24	16	5	15	19	12	18	9	15	11	14	12	15	13	14	8	8	8	6
Spazio e figure	12	7	10	16	12	8	14	8	15	11	12	13	14	13	17	13	15	13	15	16
Relazioni e funzioni	8	5	10	13	7	7	7	8	6	7	8	9	8	5	5	8	13	12	8	10

DIMENSION
Conoscere	32	23	26	30	26	24	29	26	28	21	31	24	26	23	31	25	28	27	26	33
Risolvere problemi	10	19	13	10	17	17	11	16	11	20	9	17	15	18	10	16	12	14	14	8
Argomentare	4	4	8	5	4	4	5	4	6	4	5	4	4	4	4	4	5	4	5	4

Sum variables

Overlap matrix
	1	2	3	4	5	6	7	8	9	10	11	12	13	14	15	16	17	18	19	20
1	46	4	3	6	2	3	12	2	5	4	2	3	6	3	9	3	7	5	1	8
2	4	46	3	3	12	11	6	1	4	4	1	5	9	9	3	7	2	2	2	3
3	3	3	47	7	5	1	9	7	6	8	3	3	1	0	8	1	10	4	4	10
4	6	3	7	45	2	2	3	6	3	2	6	4	2	6	6	5	12	5	4	2
5	2	12	5	2	47	11	4	4	2	2	3	4	15	9	3	3	2	3	5	2
6	3	11	1	2	11	45	5	3	3	5	3	7	15	5	1	5	4	3	0	1
7	12	6	9	3	4	5	45	1	3	12	3	2	3	6	4	2	2	4	3	6
8	2	1	7	6	4	3	1	46	3	3	10	8	1	2	9	4	4	10	11	3
9	5	4	6	3	2	3	3	3	45	3	5	7	4	5	6	6	4	3	7	9
10	4	4	8	2	2	5	12	3	3	45	2	9	6	8	2	5	5	3	2	4
11	2	1	3	6	3	3	3	10	5	2	45	6	2	6	6	1	5	8	11	3
12	3	5	3	4	4	7	2	8	7	9	6	45	0	4	5	14	1	1	3	3
13	6	9	1	2	15	15	3	1	4	6	2	0	45	1	2	6	6	4	1	2
14	3	9	0	6	9	5	6	2	5	8	6	4	1	45	2	8	3	2	8	2
15	9	3	8	6	3	1	4	9	6	2	6	5	2	2	45	1	3	7	1	8
16	3	7	1	5	3	5	2	4	6	5	1	14	6	8	1	45	1	2	8	5
17	7	2	10	12	2	4	2	4	4	5	5	1	6	3	3	1	45	4	4	6
18	5	2	4	5	3	3	4	10	3	3	8	1	4	2	7	2	4	45	10	9
19	1	2	4	4	5	0	3	11	7	2	11	3	1	8	1	8	4	10	45	4
20	8	3	10	2	2	1	6	3	9	4	3	3	2	2	8	5	6	9	4	45

Item use
1	3.0
2	3.0
3	3.0
4	3.0
5	3.0
6	3.0
7	3.0
8	3.0
9	3.0
10	3.0
11	3.0
13	3.0
14	3.0
15	3.0
16	3.0
17	3.0
18	3.0
19	3.0
20	3.0
21	3.0
22	3.0
23	3.0
24	3.0
25	3.0
26	3.0
27	3.0
28	3.0
29	3.0
30	3.0
31	3.0
32	3.0
33	3.0
34	3.0
35	3.0
36	3.0
37	3.0
38	3.0
40	3.0
41	3.0
42	3.0
43	3.0
44	3.0
45	3.0
46	3.0
47	3.0
48	3.0
49	3.0
50	3.0
51	3.0
52	3.0
53	3.0
54	3.0
55	3.0
56	3.0
57	3.0
58	3.0
59	3.0
60	3.0
61	3.0
62	3.0
63	3.0
64	3.0
65	3.0
66	3.0
67	3.0
68	3.0
69	3.0
70	3.0
71	3.0
72	3.0
73	3.0
74	3.0
75	3.0
76	3.0
77	3.0
78	3.0
79	3.0
80	3.0
81	3.0
82	3.0
83	3.0
85	3.0
86	3.0
87	3.0
88	3.0
89	3.0
90	3.0
91	3.0
92	3.0
93	3.0
94	3.0
95	3.0
96	3.0
97	3.0
98	3.0
99	3.0
100	3.0
101	3.0
102	3.0
104	3.0
105	3.0
106	3.0
107	3.0
108	3.0
109	3.0
110	3.0
111	3.0
112	3.0
113	3.0
114	3.0
115	3.0
116	3.0
117	3.0
118	3.0
119	3.0
120	3.0
121	3.0
122	3.0
123	3.0
124	3.0
125	3.0
126	3.0
127	3.0
128	3.0
129	3.0
130	3.0
131	3.0
132	3.0
133	3.0
134	3.0
135	3.0
136	3.0
137	3.0
138	3.0
139	3.0
140	3.0
141	3.0
143	3.0
144	3.0
145	3.0
146	3.0
147	3.0
148	3.0
149	3.0
150	3.0
152	3.0
153	3.0
154	3.0
155	3.0
156	3.0
157	3.0
158	3.0
159	3.0
160	3.0
162	3.0
163	3.0
164	3.0
165	3.0
166	3.0
167	3.0
168	3.0
169	3.0
170	3.0
171	3.0
172	3.0
173	3.0
174	3.0
175	3.0
176	3.0
178	3.0
179	3.0
181	3.0
182	3.0
183	3.0
184	3.0
185	3.0
186	3.0
187	3.0
188	3.0
189	3.0
190	3.0
191	3.0
192	3.0
193	3.0
195	3.0
196	3.0
197	3.0
198	3.0
199	3.0
200	3.0
201	3.0
202	3.0
203	3.0
204	3.0
205	3.0
206	3.0
207	3.0
208	3.0
209	3.0
210	3.0
211	3.0
212	3.0
213	3.0
214	3.0
215	3.0
216	3.0
217	3.0
218	3.0
219	3.0
221	3.0
222	3.0
223	3.0
224	3.0
225	3.0
226	3.0
227	3.0
228	3.0
229	3.0
230	3.0
231	3.0
232	3.0
233	3.0
234	3.0
235	3.0
236	3.0
237	3.0
238	3.0
239	3.0
240	3.0
241	3.0
242	3.0
243	3.0
244	3.0
245	3.0
246	3.0
247	3.0
248	3.0
249	3.0
250	3.0
251	3.0
252	3.0
253	3.0
254	3.0
255	3.0
256	3.0
257	3.0
258	3.0
259	3.0
260	3.0
261	3.0
262	3.0
263	3.0
264	3.0
265	3.0
266	3.0
267	3.0
268	3.0
269	3.0
271	3.0
272	3.0
273	3.0
274	3.0
275	3.0
276	3.0
277	3.0
278	3.0
279	3.0
280	3.0
281	3.0
282	3.0
283	3.0
284	3.0
285	3.0
286	3.0
287	3.0
288	3.0
289	3.0
290	3.0
291	3.0
292	3.0
293	3.0
294	3.0
295	3.0
298	3.0
299	3.0
300	3.0
302	3.0
303	3.0
305	3.0
307	3.0
309	3.0
12	2.0
39	2.0
84	2.0
103	2.0
142	2.0
151	2.0
161	2.0
180	2.0
194	2.0
220	2.0
270	2.0
308	2.0
310	2.0
311	2.0
177	1.0
296	1.0
297	1.0
301	1.0
306	1.0
312	1.0
304	0.0
