Length
1	2	3	4	5	6	7	8	9	10	11	12	13	14	15	16	17	18	19	20
48	48	48	48	48	48	48	48	48	48	48	48	48	48	48	48	48	48	48	48

design
8	4	1	2	11	4	12	3	1	4	6	9	17	14	7	5	6	2	1	12
9	10	3	34	17	6	21	5	16	31	7	27	18	26	8	20	13	3	2	18
10	14	7	41	20	8	45	13	38	32	17	29	21	40	13	23	16	5	12	32
16	15	9	43	34	11	50	24	42	34	20	30	23	43	21	25	19	11	26	42
19	36	10	50	44	14	76	25	46	44	27	31	26	53	29	29	24	15	30	67
24	47	18	51	45	15	81	50	55	48	28	37	30	68	41	32	48	23	35	72
28	61	19	52	56	37	111	53	62	49	35	38	31	78	66	35	54	25	38	75
49	70	28	56	87	40	113	60	72	56	46	61	37	88	70	42	60	36	43	77
55	83	51	57	89	45	115	63	75	71	57	65	40	89	76	44	64	41	52	88
60	84	54	74	98	47	118	64	77	90	73	78	48	96	86	46	70	47	55	93
61	85	59	76	105	49	130	66	84	99	82	80	59	100	97	52	71	54	67	95
63	95	65	77	115	51	139	79	94	114	90	87	78	101	100	57	73	63	69	106
64	99	82	92	118	53	146	82	101	115	101	98	79	103	107	62	89	66	73	109
65	109	85	97	127	62	156	83	116	121	108	106	83	130	108	74	98	68	74	111
68	110	86	105	132	69	169	92	127	123	119	122	86	135	114	75	102	69	80	116
80	117	90	113	138	71	170	107	140	130	133	128	94	141	136	84	110	72	81	117
85	124	107	114	139	81	196	116	153	136	136	129	96	149	146	93	119	79	87	121
96	142	109	131	143	88	206	125	154	138	143	131	97	158	153	95	123	92	93	122
102	145	111	140	146	103	209	127	155	139	144	141	99	159	180	125	128	102	94	135
123	176	121	161	152	105	215	132	156	145	150	147	100	162	190	132	129	112	103	140
142	177	122	164	167	112	216	144	171	152	152	148	110	186	194	137	133	117	106	145
143	181	131	167	170	113	218	147	172	154	159	149	119	195	198	157	141	124	108	150
161	184	142	171	173	124	222	157	175	160	178	151	135	197	201	160	150	125	112	155
162	195	148	176	184	126	225	163	182	165	180	155	137	207	219	162	157	126	118	158
168	198	153	181	188	138	232	168	187	166	182	164	147	223	230	171	158	144	126	159
178	199	156	193	189	161	234	174	190	175	186	169	166	228	240	207	160	148	128	163
180	202	178	197	196	170	242	192	191	179	201	174	176	234	244	208	163	151	129	164
184	203	179	198	207	175	248	200	193	195	208	177	182	236	248	216	168	154	137	166
194	206	187	210	210	189	256	201	199	196	230	189	185	252	261	218	172	165	149	169
203	208	197	217	213	191	260	205	200	210	236	199	188	253	265	229	173	187	165	174
206	215	211	221	222	202	263	211	213	217	243	217	209	254	268	232	181	192	167	188
216	220	235	231	225	219	267	238	223	224	247	219	223	259	271	235	186	211	172	190
218	244	240	246	231	224	276	246	229	232	262	231	224	261	272	242	191	245	173	205
228	250	247	266	249	225	283	256	242	243	268	240	234	269	274	249	194	251	179	209
238	257	248	272	258	230	302	258	246	252	269	244	253	295	284	250	200	268	192	213
243	260	254	275	271	236	305	261	255	257	279	245	259	297	286	252	202	270	193	229
245	273	259	282	275	254	315	270	264	263	280	247	262	303	291	264	205	271	203	250
257	280	262	285	276	258	318	278	266	275	286	249	265	309	294	272	215	277	222	266
278	295	274	287	283	260	322	280	267	290	292	255	273	311	311	281	228	278	238	267
281	297	290	289	287	264	324	282	274	294	296	265	303	323	312	286	235	279	255	279
285	298	301	300	290	273	325	285	277	298	297	269	305	332	318	301	253	284	256	281
296	299	306	314	291	276	329	289	282	316	299	295	308	334	327	309	263	307	283	287
306	305	315	315	306	288	330	307	289	327	300	314	310	338	328	311	270	327	292	288
310	308	316	322	310	292	338	324	296	331	301	319	314	343	335	324	284	328	298	294
313	312	322	323	313	303	342	334	300	335	302	332	319	346	336	326	288	329	307	299
316	325	336	329	319	308	344	341	335	336	325	343	326	347	341	337	291	331	309	302
318	348	340	331	326	342	345	344	340	337	332	346	328	348	344	342	313	339	323	312
334	350	349	345	330	346	349	349	343	341	345	348	350	350	347	347	338	340	330	337

expected score
1.0	0.596

2.0	0.568

3.0	0.557

4.0	0.523

5.0	0.577

6.0	0.531

7.0	0.524

8.0	0.564

9.0	0.52

10.0	0.574

11.0	0.555

12.0	0.565

13.0	0.596

14.0	0.526

15.0	0.572

16.0	0.586

17.0	0.562

18.0	0.579

19.0	0.55

20.0	0.526

Categorical variables
Unit
U9	3	3	3	0	0	0	0	0	0	0	0	0	0	0	0	0	0	0	0	0
U11	0	3	0	0	0	3	0	0	0	0	0	0	0	0	0	0	0	3	0	0
U12	3	0	0	0	0	0	0	3	0	0	0	0	0	0	0	0	3	0	0	0
U2	0	0	0	0	0	0	0	2	0	0	0	0	0	0	0	2	0	2	0	0
U7	0	0	0	3	3	0	0	0	0	3	0	0	0	0	0	0	0	0	0	0
U6	0	0	0	0	0	0	0	0	3	0	0	0	0	0	0	3	0	0	0	3
U8	0	0	0	0	3	3	3	0	0	0	0	0	0	0	0	0	0	0	0	0
U5	0	0	0	0	0	3	0	0	0	0	0	0	0	0	0	0	0	3	3	0
U10	0	0	0	3	0	0	0	0	3	0	0	0	0	0	0	0	0	0	0	3
U1	0	0	0	0	3	0	3	0	0	3	0	0	0	0	0	0	0	0	0	0
U4	0	0	0	0	3	0	3	0	0	0	0	0	0	0	0	0	0	0	3	0
U3	0	0	0	3	0	0	0	3	3	0	0	0	0	0	0	0	0	0	0	0

Domain
Space and Figures	13	11	12	13	13	13	13	13	13	13	10	13	13	13	11	12	11	13	13	13
Relations and Functions	16	12	15	16	15	9	13	19	12	13	14	10	10	15	14	18	9	17	17	8
Data and Forecasting	15	16	15	16	11	14	8	12	14	13	16	21	14	13	16	9	19	14	11	21
Numbers	4	9	6	3	9	12	14	4	9	9	8	4	11	7	7	9	9	4	7	6

Dimension
Knowing	31	28	26	28	26	24	31	30	32	29	29	26	28	29	29	32	32	31	36	30
Problem Solving	13	19	13	15	19	22	16	14	12	18	13	17	17	14	15	13	12	13	12	15
Arguing	4	1	9	5	3	2	1	4	4	1	6	5	3	5	4	3	4	4	0	3

Answer_type
Multiple-Choice	29	32	37	34	34	38	33	31	28	30	35	34	33	34	33	32	32	34	31	31
Matching	9	8	9	8	6	6	11	9	9	12	4	8	8	5	8	7	8	4	6	10
Open-Ended	10	8	2	6	8	4	4	8	11	6	9	6	7	9	7	9	8	10	11	7

Sum variables

Overlap matrix
	1	2	3	4	5	6	7	8	9	10	11	12	13	14	15	16	17	18	19	20
1	48	8	10	2	5	3	4	9	3	5	6	5	2	5	4	4	11	5	4	1
2	8	48	4	3	1	9	5	2	2	6	5	6	8	6	4	4	5	5	2	7
3	10	4	48	5	2	2	6	5	6	6	8	7	5	3	8	2	3	6	2	5
4	2	3	5	48	8	4	7	6	9	7	3	5	3	3	6	5	1	5	7	5
5	5	1	2	8	48	9	12	3	2	11	4	6	5	2	3	6	5	2	7	3
6	3	9	2	4	9	48	8	2	4	6	4	4	6	9	3	3	5	7	6	2
7	4	5	6	7	12	8	48	5	3	6	3	1	4	3	6	6	3	1	7	6
8	9	2	5	6	3	2	5	48	6	1	4	2	3	3	7	6	10	14	4	4
9	3	2	6	9	2	4	3	6	48	3	5	5	3	3	4	9	4	5	7	12
10	5	6	6	7	11	6	6	1	3	48	4	2	5	3	7	6	5	4	3	6
11	6	5	8	3	4	4	3	4	5	4	48	4	4	7	8	7	6	3	4	5
12	5	6	7	5	6	4	1	2	5	2	4	48	8	9	5	2	4	3	9	6
13	2	8	5	3	5	6	4	3	3	5	4	8	48	12	6	3	4	3	4	5
14	5	6	3	3	2	9	3	3	3	3	7	9	12	48	4	6	7	1	6	4
15	4	4	8	6	3	3	6	7	4	7	8	5	6	4	48	5	5	7	1	3
16	4	4	2	5	6	3	6	6	9	6	7	2	3	6	5	48	3	4	6	9
17	11	5	3	1	5	5	3	10	4	5	6	4	4	7	5	3	48	4	5	5
18	5	5	6	5	2	7	1	14	5	4	3	3	3	1	7	4	4	48	7	3
19	4	2	2	7	7	6	7	4	7	3	4	9	4	6	1	6	5	7	48	4
20	1	7	5	5	3	2	6	4	12	6	5	6	5	4	3	9	5	3	4	48

Item use
1	3.0
2	3.0
3	3.0
4	3.0
5	3.0
6	3.0
7	3.0
8	3.0
9	3.0
10	3.0
11	3.0
12	3.0
13	3.0
14	3.0
15	3.0
16	3.0
17	3.0
18	3.0
19	3.0
20	3.0
21	3.0
23	3.0
24	3.0
25	3.0
26	3.0
28	3.0
29	3.0
30	3.0
31	3.0
32	3.0
34	3.0
35	3.0
37	3.0
38	3.0
40	3.0
41	3.0
42	3.0
43	3.0
44	3.0
45	3.0
46	3.0
47	3.0
48	3.0
49	3.0
50	3.0
51	3.0
52	3.0
53	3.0
54	3.0
55	3.0
56	3.0
57	3.0
60	3.0
61	3.0
62	3.0
63	3.0
64	3.0
65	3.0
66	3.0
68	3.0
69	3.0
70	3.0
71	3.0
72	3.0
73	3.0
74	3.0
75	3.0
76	3.0
77	3.0
78	3.0
79	3.0
80	3.0
81	3.0
82	3.0
83	3.0
84	3.0
85	3.0
86	3.0
87	3.0
88	3.0
89	3.0
90	3.0
92	3.0
93	3.0
94	3.0
95	3.0
96	3.0
97	3.0
98	3.0
99	3.0
100	3.0
101	3.0
102	3.0
103	3.0
105	3.0
106	3.0
107	3.0
108	3.0
109	3.0
110	3.0
111	3.0
112	3.0
113	3.0
114	3.0
115	3.0
116	3.0
117	3.0
118	3.0
119	3.0
121	3.0
122	3.0
123	3.0
124	3.0
125	3.0
126	3.0
127	3.0
128	3.0
129	3.0
130	3.0
131	3.0
132	3.0
135	3.0
136	3.0
137	3.0
138	3.0
139	3.0
140	3.0
141	3.0
142	3.0
143	3.0
144	3.0
145	3.0
146	3.0
147	3.0
148	3.0
149	3.0
150	3.0
152	3.0
153	3.0
154	3.0
155	3.0
156	3.0
157	3.0
158	3.0
159	3.0
160	3.0
161	3.0
162	3.0
163	3.0
164	3.0
165	3.0
166	3.0
167	3.0
168	3.0
169	3.0
170	3.0
171	3.0
172	3.0
173	3.0
174	3.0
175	3.0
176	3.0
178	3.0
179	3.0
180	3.0
181	3.0
182	3.0
184	3.0
186	3.0
187	3.0
188	3.0
189	3.0
190	3.0
191	3.0
192	3.0
193	3.0
194	3.0
195	3.0
196	3.0
197	3.0
198	3.0
199	3.0
200	3.0
201	3.0
202	3.0
203	3.0
205	3.0
206	3.0
207	3.0
208	3.0
209	3.0
210	3.0
211	3.0
213	3.0
215	3.0
216	3.0
217	3.0
218	3.0
219	3.0
222	3.0
223	3.0
224	3.0
225	3.0
228	3.0
229	3.0
230	3.0
231	3.0
232	3.0
234	3.0
235	3.0
236	3.0
238	3.0
240	3.0
242	3.0
243	3.0
244	3.0
245	3.0
246	3.0
247	3.0
248	3.0
249	3.0
250	3.0
252	3.0
253	3.0
254	3.0
255	3.0
256	3.0
257	3.0
258	3.0
259	3.0
260	3.0
261	3.0
262	3.0
263	3.0
264	3.0
265	3.0
266	3.0
267	3.0
268	3.0
269	3.0
270	3.0
271	3.0
272	3.0
273	3.0
274	3.0
275	3.0
276	3.0
278	3.0
279	3.0
280	3.0
281	3.0
282	3.0
283	3.0
284	3.0
285	3.0
286	3.0
287	3.0
288	3.0
289	3.0
290	3.0
291	3.0
292	3.0
294	3.0
295	3.0
296	3.0
297	3.0
298	3.0
299	3.0
300	3.0
301	3.0
302	3.0
303	3.0
305	3.0
306	3.0
307	3.0
308	3.0
309	3.0
310	3.0
311	3.0
312	3.0
313	3.0
314	3.0
315	3.0
316	3.0
318	3.0
319	3.0
322	3.0
323	3.0
324	3.0
325	3.0
326	3.0
327	3.0
328	3.0
329	3.0
330	3.0
331	3.0
332	3.0
334	3.0
335	3.0
336	3.0
337	3.0
338	3.0
340	3.0
341	3.0
342	3.0
343	3.0
344	3.0
345	3.0
346	3.0
347	3.0
348	3.0
349	3.0
350	3.0
27	2.0
36	2.0
59	2.0
67	2.0
133	2.0
151	2.0
177	2.0
277	2.0
185	1.0
220	1.0
221	1.0
251	1.0
339	1.0
22	0.0
33	0.0
39	0.0
58	0.0
91	0.0
104	0.0
120	0.0
134	0.0
183	0.0
204	0.0
212	0.0
214	0.0
226	0.0
227	0.0
233	0.0
237	0.0
239	0.0
241	0.0
293	0.0
304	0.0
317	0.0
320	0.0
321	0.0
333	0.0
