Length
1	2	3	4	5	6	7	8	9	10	11	12	13	14	15	16	17	18	19	20
48	48	48	48	47	45	47	47	48	48	48	48	48	48	48	48	48	48	48	48

design
3	3	2	5	1	14	41	13	8	19	2	5	13	6	22	3	1	2	7	1
4	4	6	14	8	27	52	18	20	23	8	7	19	7	24	4	6	13	15	34
5	12	9	27	12	29	57	27	21	46	9	32	21	9	33	5	23	22	16	38
15	15	10	28	14	30	58	36	22	47	10	39	25	10	34	8	26	25	17	48
16	16	11	46	18	34	60	61	35	57	11	48	26	11	37	24	31	28	18	49
17	17	12	64	19	40	69	65	52	66	18	49	29	33	39	25	38	30	44	50
23	20	14	66	20	44	79	79	64	68	21	50	31	35	41	26	47	32	46	52
24	44	39	69	25	61	86	90	76	73	40	51	65	37	47	28	53	36	54	54
27	48	53	72	31	67	93	100	80	90	45	59	67	42	53	29	57	42	55	55
30	49	68	78	32	75	94	111	83	98	60	71	73	43	71	32	59	43	56	56
38	50	78	81	36	109	95	115	99	106	72	76	85	45	72	33	63	45	61	62
42	53	83	82	40	120	100	116	102	118	75	84	96	47	77	41	67	51	63	75
43	64	91	85	51	121	103	117	123	119	86	98	97	63	87	57	77	54	84	83
44	69	101	87	58	122	104	125	132	122	103	103	105	71	88	59	81	55	104	86
62	73	110	88	66	161	108	126	133	123	108	104	107	84	89	60	82	56	112	97
76	78	116	89	70	188	111	127	134	124	112	107	110	90	91	62	91	58	130	100
80	79	124	109	87	189	117	128	135	135	115	109	111	93	92	68	99	64	135	102
86	83	132	110	88	192	125	130	138	140	131	110	116	94	96	70	101	65	141	114
98	92	133	114	89	204	126	139	140	148	149	118	118	95	97	71	105	66	165	132
102	114	134	136	92	205	127	141	142	153	151	120	142	96	101	77	112	70	166	133
122	115	142	143	99	206	128	149	146	158	161	121	143	103	105	80	126	85	167	134
123	117	149	144	119	207	141	174	150	164	178	122	145	136	120	81	127	93	174	138
124	119	151	157	125	214	145	176	158	168	181	129	155	138	121	82	128	94	186	142
130	135	153	161	129	220	147	182	170	174	192	131	168	150	131	92	137	95	188	147
131	137	154	169	148	221	153	184	175	181	194	139	176	152	137	105	139	96	190	159
144	140	159	179	156	231	155	186	176	196	195	177	178	157	143	106	144	106	192	160
148	147	160	183	165	239	175	187	184	198	203	182	179	162	163	125	145	107	194	161
150	151	162	194	166	249	182	188	188	199	208	185	201	170	164	144	146	129	198	170
156	159	164	197	167	250	203	197	193	204	210	189	207	180	169	146	149	136	199	190
158	160	177	203	168	251	209	200	209	205	211	191	209	183	171	155	156	162	200	202
163	165	178	204	175	259	222	226	223	206	212	196	210	189	172	157	170	164	201	219
169	166	179	205	186	268	227	228	224	213	217	220	211	216	173	171	180	181	202	233
180	167	181	206	193	276	229	229	237	219	218	226	212	222	185	172	187	190	203	242
213	183	183	207	196	277	233	231	238	221	224	228	215	229	195	173	197	200	234	247
214	185	195	210	208	278	236	234	257	223	226	232	220	236	213	174	200	220	239	248
215	201	213	211	216	286	252	239	259	241	227	235	232	246	217	177	202	221	240	249
222	208	217	212	219	288	253	260	260	243	230	239	252	248	218	184	209	222	241	250
223	227	227	225	225	289	255	262	263	244	258	247	260	255	233	214	218	225	243	251
235	234	231	253	237	290	256	278	264	245	264	262	267	266	240	215	232	237	244	252
242	236	235	261	238	300	259	281	266	261	272	266	275	274	242	216	242	238	245	254
248	241	240	263	243	301	264	285	272	263	275	275	278	291	246	224	249	246	255	258
256	247	253	274	244	302	272	288	276	265	276	282	281	294	254	228	250	254	258	259
257	248	268	286	245	307	288	289	277	270	277	283	285	296	256	257	251	261	262	268
265	252	282	295	261	309	289	290	280	291	279	284	296	300	279	265	266	282	281	274
267	270	283	303	278	311	290	298	301	293	294	287	300	305	280	267	273	283	287	286
270	279	284	304	303	0	292	302	305	295	298	294	304	309	287	293	285	284	291	291
271	280	292	305	305	0	298	304	311	299	306	296	306	310	297	297	292	301	295	298
293	287	299	309	0	0	0	0	312	307	310	311	307	312	306	302	303	312	297	300

expected score
1.0	0.605

2.0	0.583

3.0	0.582

4.0	0.594

5.0	0.583

6.0	0.581

7.0	0.567

8.0	0.594

9.0	0.573

10.0	0.603

11.0	0.563

12.0	0.583

13.0	0.594

14.0	0.575

15.0	0.597

16.0	0.601

17.0	0.617

18.0	0.616

19.0	0.599

20.0	0.603

Categorical variables
UNIT
D3	2	2	0	0	0	0	0	0	0	0	0	0	0	0	0	2	0	0	0	0
D8	0	0	3	0	0	0	0	0	0	0	3	0	0	3	0	0	0	0	0	0
D12	3	3	0	0	0	0	0	0	0	0	0	0	0	0	0	0	0	0	3	0
D3b	2	0	0	0	0	0	0	0	0	0	0	0	0	2	0	0	0	2	0	0
D8b	0	3	0	0	0	0	0	0	0	0	0	3	0	0	0	0	0	0	0	3
D12b	0	0	0	0	0	0	0	0	0	0	0	0	0	0	0	0	0	3	3	3
D3c	0	0	0	2	0	0	0	0	0	0	0	0	0	0	0	2	2	0	0	0
D8c	0	0	0	3	3	0	0	0	0	0	0	0	0	0	3	0	0	0	0	0
D12c	0	0	0	0	0	0	3	0	0	0	0	0	0	3	0	0	0	3	0	0
D3d	0	0	0	0	0	2	0	0	0	0	0	2	0	0	2	0	0	0	0	0
D8d	0	0	0	0	0	0	3	3	0	0	0	0	0	0	0	0	3	0	0	0
D12d	0	0	3	0	0	0	0	0	3	0	0	0	0	0	0	0	0	0	0	3
D3e	0	2	2	0	0	0	0	0	0	0	0	0	0	0	0	0	0	0	0	2
D8e	0	3	0	0	3	0	0	0	0	0	0	0	0	0	0	0	0	0	3	0
D12e	0	0	0	0	0	0	0	0	0	0	0	0	0	0	3	3	0	0	0	0
D3f	0	0	0	0	0	0	0	0	0	2	0	0	0	0	0	0	0	0	2	0
D8f	0	0	0	3	0	3	0	0	0	3	0	0	0	0	0	0	0	0	0	0
D12f	0	0	0	3	0	0	0	0	0	0	3	0	3	0	0	0	0	0	0	0
D3g	0	0	0	0	2	0	0	0	2	0	0	0	0	0	0	0	0	2	0	0
D8g	0	0	0	0	3	0	0	0	0	3	0	0	0	0	0	0	0	0	3	0
D12g	0	0	0	0	0	3	0	0	0	0	0	0	0	0	0	0	3	0	0	3
D3h	0	0	0	0	0	2	0	0	2	0	2	0	0	0	0	0	0	0	0	0
D8h	0	0	3	0	0	0	0	0	0	0	0	3	0	0	0	0	0	3	0	0
D12h	0	0	0	0	0	3	3	3	0	0	0	0	0	0	0	0	0	0	0	0

DOMAIN
Numeri	12	11	11	11	13	11	12	13	11	13	13	12	12	11	13	13	12	11	12	12
Dati e previsioni	13	13	13	13	11	12	13	12	13	12	13	13	12	13	13	13	13	13	13	13
Spazio e figure	12	13	13	12	12	11	11	11	13	12	11	12	13	12	11	11	12	13	12	11
Relazioni e funzioni	11	11	11	12	11	11	11	11	11	11	11	11	11	12	11	11	11	11	11	12

DIMENSION
Conoscere	27	28	26	27	29	29	29	29	27	27	27	26	26	26	26	26	26	28	29	28
Risolvere problemi	14	15	16	16	15	11	15	15	19	15	16	21	17	12	16	18	16	14	10	13
Argomentare	7	5	6	5	3	5	3	3	2	6	5	1	5	10	6	4	6	6	9	7

Sum variables

Overlap matrix
	1	2	3	4	5	6	7	8	9	10	11	12	13	14	15	16	17	18	19	20
1	48	8	3	4	2	5	3	2	8	12	2	6	2	6	7	13	6	4	5	6
2	8	48	9	5	8	1	7	4	6	6	5	6	3	3	7	3	2	1	12	11
3	3	9	48	6	2	3	4	3	5	7	11	7	5	6	9	2	6	7	1	8
4	4	5	6	48	9	10	3	3	3	8	7	3	9	6	6	6	5	7	4	4
5	2	8	2	9	47	3	3	5	8	11	4	4	5	2	4	7	5	12	8	2
6	5	1	3	10	3	45	4	10	6	6	6	8	7	3	3	3	4	4	5	10
7	3	7	4	3	3	4	47	15	6	2	9	3	5	8	3	5	7	5	4	8
8	2	4	3	3	5	10	15	47	4	2	5	6	10	2	0	5	9	4	12	2
9	8	6	5	3	8	6	6	4	48	6	7	3	5	7	2	6	5	6	2	10
10	12	6	7	8	11	6	2	2	6	48	1	4	5	3	3	6	3	6	11	2
11	2	5	11	7	4	6	9	5	7	1	48	5	7	7	7	3	3	3	6	5
12	6	6	7	3	4	8	3	6	3	4	5	48	7	8	7	6	4	8	6	4
13	2	3	5	9	5	7	5	10	5	5	7	7	48	3	5	7	8	7	2	4
14	6	3	6	6	2	3	8	2	7	3	7	8	3	48	6	4	6	12	5	6
15	7	7	9	6	4	3	3	0	2	3	7	7	5	6	48	11	9	5	3	5
16	13	3	2	6	7	3	5	5	6	6	3	6	7	4	11	48	9	5	2	1
17	6	2	6	5	5	4	7	9	5	3	3	4	8	6	9	9	48	1	4	8
18	4	1	7	7	12	4	5	4	6	6	3	8	7	12	5	5	1	48	5	5
19	5	12	1	4	8	5	4	12	2	11	6	6	2	5	3	2	4	5	48	7
20	6	11	8	4	2	10	8	2	10	2	5	4	4	6	5	1	8	5	7	48

Item use
5	4.0
8	4.0
14	4.0
18	4.0
25	4.0
27	4.0
32	4.0
44	4.0
47	4.0
53	4.0
57	4.0
64	4.0
66	4.0
71	4.0
83	4.0
86	4.0
92	4.0
96	4.0
103	4.0
105	4.0
110	4.0
122	4.0
125	4.0
131	4.0
135	4.0
142	4.0
144	4.0
149	4.0
161	4.0
164	4.0
170	4.0
174	4.0
181	4.0
183	4.0
188	4.0
200	4.0
203	4.0
209	4.0
213	4.0
220	4.0
222	4.0
227	4.0
239	4.0
242	4.0
248	4.0
252	4.0
259	4.0
261	4.0
266	4.0
278	4.0
287	4.0
291	4.0
298	4.0
300	4.0
305	4.0
1	3.0
2	3.0
3	3.0
4	3.0
6	3.0
7	3.0
9	3.0
10	3.0
11	3.0
12	3.0
13	3.0
15	3.0
16	3.0
17	3.0
19	3.0
20	3.0
21	3.0
22	3.0
23	3.0
24	3.0
26	3.0
28	3.0
29	3.0
30	3.0
31	3.0
33	3.0
34	3.0
36	3.0
38	3.0
39	3.0
40	3.0
41	3.0
42	3.0
43	3.0
45	3.0
46	3.0
48	3.0
49	3.0
50	3.0
51	3.0
52	3.0
54	3.0
55	3.0
56	3.0
58	3.0
59	3.0
60	3.0
61	3.0
62	3.0
63	3.0
65	3.0
67	3.0
68	3.0
69	3.0
70	3.0
72	3.0
73	3.0
75	3.0
76	3.0
77	3.0
78	3.0
79	3.0
80	3.0
81	3.0
82	3.0
84	3.0
85	3.0
87	3.0
88	3.0
89	3.0
90	3.0
91	3.0
93	3.0
94	3.0
95	3.0
97	3.0
98	3.0
99	3.0
100	3.0
101	3.0
102	3.0
104	3.0
106	3.0
107	3.0
109	3.0
111	3.0
112	3.0
114	3.0
115	3.0
116	3.0
117	3.0
118	3.0
119	3.0
120	3.0
121	3.0
123	3.0
124	3.0
126	3.0
127	3.0
128	3.0
129	3.0
130	3.0
132	3.0
133	3.0
134	3.0
136	3.0
137	3.0
138	3.0
139	3.0
140	3.0
141	3.0
143	3.0
145	3.0
146	3.0
147	3.0
148	3.0
150	3.0
151	3.0
153	3.0
155	3.0
156	3.0
157	3.0
158	3.0
159	3.0
160	3.0
162	3.0
165	3.0
166	3.0
167	3.0
168	3.0
169	3.0
175	3.0
176	3.0
177	3.0
178	3.0
179	3.0
180	3.0
182	3.0
184	3.0
185	3.0
186	3.0
189	3.0
190	3.0
192	3.0
194	3.0
195	3.0
196	3.0
197	3.0
201	3.0
202	3.0
204	3.0
205	3.0
206	3.0
207	3.0
208	3.0
210	3.0
211	3.0
212	3.0
214	3.0
215	3.0
216	3.0
217	3.0
218	3.0
219	3.0
221	3.0
223	3.0
224	3.0
225	3.0
226	3.0
228	3.0
229	3.0
231	3.0
232	3.0
233	3.0
234	3.0
235	3.0
236	3.0
237	3.0
238	3.0
240	3.0
241	3.0
243	3.0
244	3.0
245	3.0
246	3.0
247	3.0
249	3.0
250	3.0
251	3.0
253	3.0
254	3.0
255	3.0
256	3.0
257	3.0
258	3.0
260	3.0
262	3.0
263	3.0
264	3.0
265	3.0
267	3.0
268	3.0
270	3.0
272	3.0
274	3.0
275	3.0
276	3.0
277	3.0
279	3.0
280	3.0
281	3.0
282	3.0
283	3.0
284	3.0
285	3.0
286	3.0
288	3.0
289	3.0
290	3.0
292	3.0
293	3.0
294	3.0
295	3.0
296	3.0
297	3.0
301	3.0
302	3.0
303	3.0
304	3.0
306	3.0
307	3.0
309	3.0
311	3.0
312	3.0
35	2.0
37	2.0
108	2.0
163	2.0
171	2.0
172	2.0
173	2.0
187	2.0
193	2.0
198	2.0
199	2.0
299	2.0
310	2.0
152	1.0
154	1.0
191	1.0
230	1.0
271	1.0
273	1.0
74	0.0
113	0.0
269	0.0
308	0.0
