Length
1	2	3	4	5	6	7	8	9	10	11	12	13	14	15	16	17	18	19	20
40	40	39	39	40	39	40	39	39	40	40	39	40	39	39	39	40	40	39	39

design
7	8	1	2	11	1	5	6	6	5	8	6	8	28	1	3	5	11	4	2
24	12	9	7	17	2	20	19	8	22	13	47	16	31	7	12	7	14	16	17
30	17	13	11	21	18	21	26	15	25	16	69	20	49	9	14	9	22	26	18
31	27	14	13	23	28	30	27	19	45	21	73	36	50	11	68	14	35	32	35
36	32	19	15	30	31	39	38	24	55	36	74	45	58	12	84	19	50	34	54
43	33	21	18	33	34	40	56	45	59	37	81	52	63	13	96	20	59	39	55
49	36	22	23	40	39	64	61	51	61	38	82	55	64	15	97	24	80	62	57
50	53	25	24	44	43	69	66	68	69	57	92	67	97	25	101	26	84	67	59
51	58	27	26	56	52	73	68	75	76	75	100	77	128	34	115	42	98	69	74
53	67	30	28	64	59	80	89	79	81	86	108	84	130	39	126	47	104	77	75
56	71	32	29	67	63	81	101	89	84	102	111	85	161	43	129	54	110	83	96
61	73	33	44	71	64	83	109	94	88	106	117	93	175	57	130	55	121	85	109
65	75	38	54	72	72	86	112	100	92	109	118	105	177	65	139	58	126	116	115
74	87	47	63	79	80	94	118	108	98	114	124	127	178	76	151	62	127	123	116
79	96	51	98	87	89	104	122	123	111	120	132	156	188	79	152	77	130	125	119
113	98	52	108	93	94	105	151	138	118	134	133	163	198	83	153	80	133	131	120
124	99	62	114	101	106	112	156	140	121	140	141	165	207	92	163	83	142	133	131
128	105	65	116	102	119	114	160	149	129	142	166	179	209	100	167	85	146	150	134
130	110	71	119	117	122	120	161	165	151	157	169	181	214	105	179	92	150	169	142
131	113	72	129	118	131	128	176	172	152	186	174	182	215	124	180	93	153	173	149
133	115	73	141	125	134	146	180	175	159	190	194	188	220	153	182	112	158	177	156
138	117	76	158	127	141	166	181	176	184	198	203	189	243	159	190	125	168	179	167
159	121	86	159	139	166	173	182	183	186	200	218	193	246	160	197	153	172	189	183
172	127	87	168	140	181	174	183	185	187	202	221	199	247	168	205	156	191	191	194
173	138	99	172	149	188	184	189	198	191	213	226	210	250	175	216	169	198	193	200
175	146	104	190	161	195	185	197	208	192	222	229	215	258	176	230	174	203	194	205
178	158	116	196	165	196	187	214	230	194	223	234	220	265	177	234	178	207	195	213
181	167	122	203	195	200	190	216	241	201	233	243	222	270	184	237	196	212	199	214
203	186	139	223	196	209	206	219	252	207	236	257	233	272	212	245	208	218	202	215
217	187	161	237	202	213	217	230	253	215	255	265	236	280	219	247	209	229	210	237
218	201	163	251	206	222	219	256	260	217	259	270	241	282	228	259	210	233	226	238
231	202	168	252	208	223	221	257	271	226	261	273	243	283	236	262	211	238	244	248
244	205	179	253	224	244	231	262	272	231	265	276	249	284	241	263	216	245	249	252
246	207	185	260	234	250	236	269	273	241	274	277	254	287	255	271	229	248	252	255
247	221	189	264	246	256	247	271	278	269	277	279	266	288	261	278	251	249	264	263
250	224	193	272	275	258	248	281	284	273	281	281	269	289	266	289	253	257	266	270
254	227	201	288	280	264	254	291	286	274	282	289	276	290	269	290	256	261	274	275
258	234	260	291	286	265	257	297	292	279	283	295	277	292	276	292	282	275	280	278
281	251	284	299	296	288	273	299	296	287	284	299	286	300	287	293	283	280	300	300
292	297	0	0	299	0	296	0	0	297	297	0	290	0	0	0	291	293	0	0

expected score
1.0	0.379	0.5	0.623

2.0	0.378	0.497	0.616

3.0	0.36	0.483	0.607

4.0	0.334	0.451	0.573

5.0	0.368	0.486	0.606

6.0	0.387	0.506	0.625

7.0	0.398	0.52	0.641

8.0	0.376	0.496	0.618

9.0	0.368	0.489	0.611

10.0	0.383	0.502	0.622

11.0	0.387	0.508	0.628

12.0	0.364	0.484	0.607

13.0	0.386	0.507	0.629

14.0	0.38	0.502	0.624

15.0	0.403	0.527	0.649

16.0	0.371	0.491	0.613

17.0	0.387	0.505	0.624

18.0	0.393	0.512	0.63

19.0	0.393	0.516	0.639

20.0	0.386	0.506	0.626

Categorical variables
Unit
U12	0	0	0	3	0	3	0	0	0	0	0	0	0	0	0	0	0	0	0	3
U10	0	0	0	2	2	0	0	0	0	0	0	0	0	0	0	0	0	0	0	0
U5	0	0	0	3	0	3	0	0	0	0	0	0	0	3	0	0	0	0	0	0
U4	3	0	0	0	0	3	0	0	0	0	0	0	0	3	0	0	0	0	0	0
U11	0	3	3	0	3	0	0	0	0	0	0	0	0	0	0	0	0	0	0	0
U8	0	0	0	0	0	0	0	3	3	0	0	0	0	0	0	3	0	0	0	0
U2	0	0	0	0	0	0	0	0	0	0	0	0	0	0	0	0	0	0	0	0
U1	0	0	0	0	0	0	0	0	0	0	0	0	3	0	0	0	3	0	3	0
U3	0	3	0	0	0	0	0	0	0	0	0	0	0	0	0	3	0	0	0	3
U9	0	0	0	0	0	0	0	0	0	0	0	0	0	0	0	3	0	3	0	0
U6	0	0	0	0	0	3	0	0	0	0	3	0	0	0	0	0	0	0	0	3
U7	0	0	0	0	0	0	0	3	0	0	0	0	0	0	0	3	0	0	0	0

Domain
Numbers	10	10	10	10	10	10	10	10	10	10	10	10	10	10	10	10	10	10	10	10
Space and Figures	10	10	10	10	10	10	10	10	10	10	10	10	10	10	10	10	10	10	10	10
Data and Forecasting	10	10	10	10	10	10	10	10	10	10	10	10	10	10	10	10	10	10	10	10
Relations and Functions	10	10	9	9	10	9	10	9	9	10	10	9	10	9	9	9	10	10	9	9

Dimension
Knowing	24	25	24	24	26	23	24	24	23	24	26	25	26	25	26	26	24	23	25	24
Problem Solving	10	9	9	9	10	9	10	11	9	10	11	9	9	10	9	9	10	9	10	10
Arguing	6	6	6	6	4	7	6	4	7	6	3	5	5	4	4	4	6	8	4	5

Answer_type
Multiple-Choice	27	27	27	27	28	27	28	27	27	27	27	27	28	27	27	27	27	27	27	27
Matching	9	8	8	8	8	8	8	8	8	8	8	8	8	8	8	8	8	9	8	8
Open-Ended	4	5	4	4	4	4	4	4	4	5	5	4	4	4	4	4	5	4	4	4

Sum variables

Overlap matrix
	1	2	3	4	5	6	7	8	9	10	11	12	13	14	15	16	17	18	19	20
1	40	4	3	5	4	7	7	4	7	4	2	6	3	12	7	3	3	6	4	2
2	4	40	8	3	10	0	5	2	3	7	6	4	5	2	2	6	2	7	3	6
3	3	8	39	4	8	4	6	6	5	4	5	2	5	2	7	4	5	4	6	1
4	5	3	4	39	5	10	2	3	8	3	4	4	0	4	6	3	8	6	4	7
5	4	10	8	5	40	4	6	5	7	1	4	4	5	4	2	3	4	4	5	3
6	7	0	4	10	4	39	5	4	2	1	7	3	4	10	4	0	4	2	6	8
7	7	5	6	2	6	5	40	3	4	8	6	8	4	3	6	2	6	5	4	2
8	4	2	6	3	5	4	3	39	8	5	4	5	5	2	4	10	7	1	2	4
9	7	3	5	8	7	2	4	8	39	3	5	4	5	5	6	5	4	2	2	5
10	4	7	4	3	1	1	8	5	3	40	3	9	6	3	8	4	3	7	5	4
11	2	6	5	4	4	7	6	4	5	3	40	3	7	5	5	2	2	4	3	9
12	6	4	2	4	4	3	8	5	4	9	3	39	3	4	4	2	5	5	5	3
13	3	5	5	0	5	4	4	5	5	6	7	3	40	5	6	5	7	4	11	3
14	12	2	2	4	4	10	3	2	5	3	5	4	5	39	3	6	5	5	3	4
15	7	2	7	6	2	4	6	4	6	8	5	4	6	3	39	2	5	5	5	2
16	3	6	4	3	3	0	2	10	5	4	2	2	5	6	2	39	3	7	1	7
17	3	2	5	8	4	4	6	7	4	3	2	5	7	5	5	3	40	4	8	3
18	6	7	4	6	4	2	5	1	2	7	4	5	4	5	5	7	4	40	5	6
19	4	3	6	4	5	6	4	2	2	5	3	5	11	3	5	1	8	5	39	5
20	2	6	1	7	3	8	2	4	5	4	9	3	3	4	2	7	3	6	5	39

Item use
7	4.0
8	4.0
11	4.0
13	4.0
14	4.0
19	4.0
21	4.0
24	4.0
26	4.0
30	4.0
36	4.0
39	4.0
55	4.0
59	4.0
64	4.0
67	4.0
69	4.0
73	4.0
75	4.0
79	4.0
80	4.0
83	4.0
84	4.0
92	4.0
98	4.0
105	4.0
116	4.0
118	4.0
127	4.0
130	4.0
131	4.0
133	4.0
153	4.0
156	4.0
159	4.0
161	4.0
168	4.0
172	4.0
175	4.0
179	4.0
181	4.0
189	4.0
190	4.0
194	4.0
196	4.0
198	4.0
202	4.0
203	4.0
207	4.0
215	4.0
234	4.0
236	4.0
241	4.0
247	4.0
252	4.0
257	4.0
265	4.0
269	4.0
273	4.0
280	4.0
281	4.0
284	4.0
292	4.0
297	4.0
299	4.0
1	3.0
2	3.0
5	3.0
6	3.0
9	3.0
12	3.0
15	3.0
16	3.0
17	3.0
18	3.0
20	3.0
22	3.0
25	3.0
27	3.0
28	3.0
31	3.0
32	3.0
33	3.0
34	3.0
38	3.0
43	3.0
45	3.0
47	3.0
50	3.0
51	3.0
52	3.0
54	3.0
56	3.0
57	3.0
58	3.0
61	3.0
62	3.0
63	3.0
65	3.0
68	3.0
71	3.0
72	3.0
74	3.0
76	3.0
77	3.0
81	3.0
85	3.0
86	3.0
87	3.0
89	3.0
93	3.0
94	3.0
96	3.0
100	3.0
101	3.0
104	3.0
108	3.0
109	3.0
112	3.0
114	3.0
115	3.0
117	3.0
119	3.0
120	3.0
121	3.0
122	3.0
124	3.0
125	3.0
128	3.0
129	3.0
134	3.0
138	3.0
139	3.0
140	3.0
141	3.0
142	3.0
146	3.0
149	3.0
151	3.0
158	3.0
163	3.0
165	3.0
166	3.0
167	3.0
169	3.0
173	3.0
174	3.0
176	3.0
177	3.0
178	3.0
182	3.0
183	3.0
184	3.0
185	3.0
186	3.0
187	3.0
188	3.0
191	3.0
193	3.0
195	3.0
200	3.0
201	3.0
205	3.0
208	3.0
209	3.0
210	3.0
213	3.0
214	3.0
216	3.0
217	3.0
218	3.0
219	3.0
221	3.0
222	3.0
223	3.0
226	3.0
229	3.0
230	3.0
231	3.0
233	3.0
237	3.0
243	3.0
244	3.0
246	3.0
248	3.0
249	3.0
250	3.0
251	3.0
253	3.0
254	3.0
255	3.0
256	3.0
258	3.0
260	3.0
261	3.0
264	3.0
266	3.0
270	3.0
271	3.0
272	3.0
274	3.0
275	3.0
276	3.0
277	3.0
278	3.0
282	3.0
283	3.0
286	3.0
287	3.0
288	3.0
289	3.0
290	3.0
291	3.0
296	3.0
300	3.0
23	2.0
35	2.0
40	2.0
44	2.0
49	2.0
53	2.0
97	2.0
99	2.0
102	2.0
106	2.0
110	2.0
111	2.0
113	2.0
123	2.0
126	2.0
150	2.0
152	2.0
160	2.0
180	2.0
197	2.0
199	2.0
206	2.0
212	2.0
220	2.0
224	2.0
238	2.0
245	2.0
259	2.0
262	2.0
263	2.0
279	2.0
293	2.0
3	1.0
4	1.0
29	1.0
37	1.0
42	1.0
66	1.0
82	1.0
88	1.0
132	1.0
157	1.0
192	1.0
211	1.0
227	1.0
228	1.0
295	1.0
10	0.0
41	0.0
46	0.0
48	0.0
60	0.0
70	0.0
78	0.0
90	0.0
91	0.0
95	0.0
103	0.0
107	0.0
135	0.0
136	0.0
137	0.0
143	0.0
144	0.0
145	0.0
147	0.0
148	0.0
154	0.0
155	0.0
162	0.0
164	0.0
170	0.0
171	0.0
204	0.0
225	0.0
232	0.0
235	0.0
239	0.0
240	0.0
242	0.0
267	0.0
268	0.0
285	0.0
294	0.0
298	0.0
