Length
1	2	3	4	5	6	7	8	9	10	11	12	13	14
35	35	35	35	34	34	35	35	35	34	35	35	35	34

Design
2	11	11	5	14	9	6	1	16	18	6	1	4	5
17	23	17	14	24	24	7	3	21	19	8	2	13	7
18	27	26	32	41	25	8	4	28	20	13	3	19	9
28	33	29	39	43	26	22	16	33	23	40	41	20	25
30	34	52	45	53	38	27	32	34	46	42	43	21	29
31	35	55	57	74	42	36	38	35	47	45	47	22	39
36	37	64	59	78	46	44	49	58	48	93	48	30	55
52	44	68	73	79	51	65	50	60	49	96	65	31	71
84	51	96	81	80	60	67	53	61	50	97	66	37	77
85	57	97	82	93	75	76	58	66	59	98	76	40	102
86	68	99	83	104	78	121	72	67	73	99	81	61	106
92	75	100	89	113	79	124	88	92	77	100	82	64	120
122	98	101	103	124	80	127	94	94	88	101	83	71	128
127	128	102	105	125	116	130	104	106	89	103	84	74	130
129	138	107	125	132	141	137	105	109	108	111	85	90	134
131	141	110	126	133	144	140	108	120	109	114	86	95	137
139	142	117	134	143	149	152	111	138	113	117	90	107	158
145	149	126	146	144	170	162	129	147	114	139	95	110	167
146	155	140	150	169	179	163	132	148	115	147	115	116	169
157	156	152	151	196	202	164	133	153	121	148	131	135	183
160	157	154	155	197	205	166	143	156	122	154	135	136	189
180	160	159	179	201	208	171	158	184	142	168	136	166	200
183	168	167	190	209	209	178	162	185	153	191	145	171	203
188	180	182	208	225	221	188	163	186	159	201	150	186	205
189	192	184	215	229	222	195	164	190	170	217	151	203	206
220	193	185	225	231	232	198	174	198	181	219	178	218	207
221	194	191	226	238	239	199	187	199	182	228	181	232	210
234	214	192	227	245	240	202	195	210	187	230	206	235	214
235	217	193	231	247	247	213	196	240	215	242	207	236	224
236	219	194	245	249	257	223	200	249	218	252	213	237	238
237	230	197	252	254	258	229	224	255	220	253	223	248	239
251	234	228	253	260	262	262	226	263	222	256	233	250	256
257	248	233	258	261	271	269	227	266	255	265	242	254	264
265	259	251	260	276	272	272	250	267	263	266	259	267	274
276	273	264	261	0	0	275	273	275	0	269	274	271	0

expected score
1.0	0.555

2.0	0.57

3.0	0.562

4.0	0.565

5.0	0.555

6.0	0.583

7.0	0.557

8.0	0.554

9.0	0.569

10.0	0.57

11.0	0.554

12.0	0.559

13.0	0.561

14.0	0.589

Categorical variables
UNIT
S032651	2	0	0	0	0	0	0	0	0	0	0	0	2	0
S032665	0	3	0	0	0	0	0	0	3	0	0	0	0	0
S042049	0	0	0	0	0	0	0	0	0	2	0	2	0	0
S042051	0	0	0	0	0	0	0	2	0	2	0	0	0	0
S042222	0	0	0	0	3	3	0	0	0	0	0	0	0	0
S042228	0	0	0	3	0	0	0	0	0	0	0	3	0	0
S042238	3	0	0	0	0	0	0	0	0	0	0	3	0	0
S042293	0	0	2	0	0	0	0	0	0	0	2	0	0	0
S042300	0	0	3	0	0	0	0	0	0	0	3	0	0	0
S052085	0	0	0	0	2	0	0	2	0	0	0	0	0	0
S052090	0	0	0	0	0	0	0	0	0	0	0	2	2	0
S052112	0	0	0	0	0	0	0	0	2	0	2	0	0	0
S052165	0	0	0	0	0	0	3	3	0	0	0	0	0	0
S052243	0	0	0	0	0	0	0	0	0	0	0	0	0	0
S052263	0	0	2	0	0	0	0	0	2	0	0	0	0	0
S052289	0	3	3	0	0	0	0	0	0	0	0	0	0	0
S052303	0	0	0	0	0	0	2	0	2	0	0	0	0	0
S062024	0	0	0	0	0	0	0	0	0	0	0	2	0	2
S062091	0	0	0	2	0	0	0	2	0	0	0	0	0	0
S062103	0	0	0	0	0	1	0	0	0	0	0	0	1	0
S062116	3	0	0	0	0	0	0	0	0	0	0	0	3	0
S062173	0	0	0	2	0	0	0	0	0	0	2	0	0	0
S062211	0	0	0	2	2	0	0	0	0	0	0	0	0	0

Content_Domain
Biology	13	13	13	13	13	13	13	13	13	13	13	13	13	13
Physics	7	7	7	7	7	7	7	7	7	7	7	7	7	7
Chemistry	7	7	7	7	7	7	7	7	7	7	7	7	7	7
Earth_Science	8	8	8	8	7	7	8	8	8	7	8	8	8	7

Cognitive_Domain
Knowing	11	8	16	6	9	8	16	12	15	14	13	16	9	16
Applying	13	18	10	17	13	17	10	16	9	15	13	11	13	11
Reasoning	11	9	9	12	12	9	9	7	11	5	9	8	13	7

Item_Type
CR	18	16	16	17	19	13	17	19	16	16	18	17	18	7
MC	17	19	19	18	15	21	18	16	19	18	17	18	17	27

Topic
2	19	9	15	14	10	14	13	10	17	10	15	17	11	15
1	10	15	14	12	17	15	11	16	8	14	9	15	13	16
3	3	5	6	8	7	4	9	8	4	7	10	2	5	2
4	3	3	0	1	0	1	2	1	3	3	1	1	6	1
5	0	3	0	0	0	0	0	0	3	0	0	0	0	0

Biology_Knowing
1	4	2	5	4	3	2	2	3	2	6	5	8	5	7
0	31	33	30	31	31	32	33	32	33	28	30	27	30	27

Biology_Applying
0	31	27	31	27	27	27	28	28	32	28	30	31	32	31
1	4	8	4	8	7	7	7	7	3	6	5	4	3	3

Biology_Reasoning
0	30	32	31	34	31	30	31	32	27	33	32	34	30	31
1	5	3	4	1	3	4	4	3	8	1	3	1	5	3

Chemistry_Knowing
0	34	33	31	33	31	32	31	33	30	32	31	35	34	32
1	1	2	4	2	3	2	4	2	5	2	4	0	1	2

Chemistry_Applying
0	32	33	33	33	32	32	34	30	34	31	34	31	31	30
1	3	2	2	2	2	2	1	5	1	3	1	4	4	4

Chemistry_Reasoning
0	32	32	34	32	32	31	33	35	34	32	33	32	33	33
1	3	3	1	3	2	3	2	0	1	2	2	3	2	1

Physics_Knowing
0	33	34	33	35	32	33	31	32	33	33	33	32	35	32
1	2	1	2	0	2	1	4	3	2	1	2	3	0	2

Physics_Applying
0	32	32	34	32	33	30	34	33	31	29	32	34	32	32
1	3	3	1	3	1	4	1	2	4	5	3	1	3	2

Physics_Reasoning
0	33	32	31	31	30	32	33	33	34	33	33	32	31	31
1	2	3	4	4	4	2	2	2	1	1	2	3	4	3

Earth_Knowing
0	31	32	30	35	33	31	29	31	29	29	33	30	32	29
1	4	3	5	0	1	3	6	4	6	5	2	5	3	5

Earth_Applying
0	32	30	32	31	31	30	34	33	34	33	31	33	32	32
1	3	5	3	4	3	4	1	2	1	1	4	2	3	2

Earth_Reasoning
0	34	35	35	31	31	34	34	33	34	33	33	34	33	34
1	1	0	0	4	3	0	1	2	1	1	2	1	2	0

Sum variables

Overlap matrix
	1	2	3	4	5	6	7	8	9	10	11	12	13	14
1	35	4	3	1	1	2	3	1	2	3	2	6	5	2
2	4	35	5	2	0	4	2	1	5	2	5	1	2	2
3	3	5	35	1	1	1	2	0	2	2	9	1	3	5
4	1	2	1	35	7	3	0	4	1	4	4	5	0	3
5	1	0	1	7	34	7	2	6	1	1	2	2	2	2
6	2	4	1	3	7	34	3	1	2	3	1	0	3	4
7	3	2	2	0	2	3	35	4	4	1	3	5	3	3
8	1	1	0	4	6	1	4	35	3	5	1	2	2	3
9	2	5	2	1	1	2	4	3	35	4	3	1	4	3
10	3	2	2	4	1	3	1	5	4	34	1	4	3	1
11	2	5	9	4	2	1	3	1	3	1	35	1	2	1
12	6	1	1	5	2	0	5	2	1	4	1	35	4	3
13	5	2	3	0	2	3	3	2	4	3	2	4	35	2
14	2	2	5	3	2	4	3	3	3	1	1	3	2	34

Item use
1	2.0
2	2.0
3	2.0
4	2.0
5	2.0
6	2.0
7	2.0
8	2.0
9	2.0
11	2.0
13	2.0
14	2.0
16	2.0
17	2.0
18	2.0
19	2.0
20	2.0
21	2.0
22	2.0
23	2.0
24	2.0
25	2.0
26	2.0
27	2.0
28	2.0
29	2.0
30	2.0
31	2.0
32	2.0
33	2.0
34	2.0
35	2.0
36	2.0
37	2.0
38	2.0
39	2.0
40	2.0
41	2.0
42	2.0
43	2.0
44	2.0
45	2.0
46	2.0
47	2.0
48	2.0
49	2.0
50	2.0
51	2.0
52	2.0
53	2.0
55	2.0
57	2.0
58	2.0
59	2.0
60	2.0
61	2.0
64	2.0
65	2.0
66	2.0
67	2.0
68	2.0
71	2.0
73	2.0
74	2.0
75	2.0
76	2.0
77	2.0
78	2.0
79	2.0
80	2.0
81	2.0
82	2.0
83	2.0
84	2.0
85	2.0
86	2.0
88	2.0
89	2.0
90	2.0
92	2.0
93	2.0
94	2.0
95	2.0
96	2.0
97	2.0
98	2.0
99	2.0
100	2.0
101	2.0
102	2.0
103	2.0
104	2.0
105	2.0
106	2.0
107	2.0
108	2.0
109	2.0
110	2.0
111	2.0
113	2.0
114	2.0
115	2.0
116	2.0
117	2.0
120	2.0
121	2.0
122	2.0
124	2.0
125	2.0
126	2.0
127	2.0
128	2.0
129	2.0
130	2.0
131	2.0
132	2.0
133	2.0
134	2.0
135	2.0
136	2.0
137	2.0
138	2.0
139	2.0
140	2.0
141	2.0
142	2.0
143	2.0
144	2.0
145	2.0
146	2.0
147	2.0
148	2.0
149	2.0
150	2.0
151	2.0
152	2.0
153	2.0
154	2.0
155	2.0
156	2.0
157	2.0
158	2.0
159	2.0
160	2.0
162	2.0
163	2.0
164	2.0
166	2.0
167	2.0
168	2.0
169	2.0
170	2.0
171	2.0
178	2.0
179	2.0
180	2.0
181	2.0
182	2.0
183	2.0
184	2.0
185	2.0
186	2.0
187	2.0
188	2.0
189	2.0
190	2.0
191	2.0
192	2.0
193	2.0
194	2.0
195	2.0
196	2.0
197	2.0
198	2.0
199	2.0
200	2.0
201	2.0
202	2.0
203	2.0
205	2.0
206	2.0
207	2.0
208	2.0
209	2.0
210	2.0
213	2.0
214	2.0
215	2.0
217	2.0
218	2.0
219	2.0
220	2.0
221	2.0
222	2.0
223	2.0
224	2.0
225	2.0
226	2.0
227	2.0
228	2.0
229	2.0
230	2.0
231	2.0
232	2.0
233	2.0
234	2.0
235	2.0
236	2.0
237	2.0
238	2.0
239	2.0
240	2.0
242	2.0
245	2.0
247	2.0
248	2.0
249	2.0
250	2.0
251	2.0
252	2.0
253	2.0
254	2.0
255	2.0
256	2.0
257	2.0
258	2.0
259	2.0
260	2.0
261	2.0
262	2.0
263	2.0
264	2.0
265	2.0
266	2.0
267	2.0
269	2.0
271	2.0
272	2.0
273	2.0
274	2.0
275	2.0
276	2.0
72	1.0
174	1.0
10	0.0
12	0.0
15	0.0
54	0.0
56	0.0
62	0.0
63	0.0
69	0.0
70	0.0
87	0.0
91	0.0
112	0.0
118	0.0
119	0.0
123	0.0
161	0.0
165	0.0
172	0.0
173	0.0
175	0.0
176	0.0
177	0.0
204	0.0
211	0.0
212	0.0
216	0.0
241	0.0
243	0.0
244	0.0
246	0.0
268	0.0
270	0.0
