Length
1	2	3	4	5	6	7	8	9	10	11	12	13	14	15	16	17	18	19	20
47	48	46	47	47	47	47	46	47	47	46	47	48	47	47	48	47	47	47	47

design
8	5	15	5	5	13	2	15	7	8	1	1	3	3	1	14	2	28	13	6
22	7	16	8	7	25	13	16	9	12	3	32	4	4	2	24	18	31	18	9
52	9	17	30	8	36	15	17	10	18	4	36	12	5	6	30	19	37	27	10
61	10	22	31	12	42	16	21	11	25	6	44	14	24	14	36	20	39	28	11
66	11	26	40	18	43	17	57	20	28	14	47	31	32	21	48	24	54	37	19
69	19	44	60	21	46	26	80	27	40	20	52	34	46	26	49	29	55	42	22
72	25	48	63	27	57	27	83	29	44	25	54	37	53	34	50	33	56	43	30
76	39	49	69	33	65	39	91	32	45	29	55	45	71	38	52	51	57	44	47
78	53	50	90	40	68	45	92	33	47	54	56	53	75	41	66	60	58	48	71
80	79	53	91	41	69	46	97	34	70	55	63	58	76	67	67	66	64	49	73
83	81	61	122	42	75	79	102	41	81	56	113	59	79	70	81	68	67	50	83
106	82	63	135	43	78	96	114	47	82	60	126	64	87	73	82	74	70	51	84
129	84	64	140	58	85	97	117	51	141	71	127	68	88	74	86	103	76	57	85
136	86	75	144	59	87	100	125	59	143	72	128	87	89	83	110	124	107	61	90
145	92	78	158	64	88	103	130	65	149	85	135	88	96	86	113	145	117	65	96
156	93	80	169	66	89	105	135	71	156	96	144	89	99	100	122	147	123	93	104
159	94	92	176	72	92	106	146	86	165	97	146	98	109	107	126	149	124	94	106
160	95	98	181	73	98	108	152	93	166	99	148	104	114	120	127	150	147	95	111
161	102	102	182	84	103	111	162	94	167	107	157	109	125	121	128	153	148	99	113
181	103	104	186	90	105	119	187	95	168	110	165	110	138	132	132	156	149	114	124
183	105	105	190	100	108	129	188	108	178	112	166	115	142	133	133	161	163	118	136
186	115	110	200	109	118	139	194	112	201	153	167	123	145	134	134	163	169	119	143
190	125	112	204	111	130	142	208	119	210	162	171	131	151	137	135	164	170	120	144
191	131	120	205	115	139	144	209	122	211	170	172	132	152	155	138	174	176	121	165
207	137	121	206	117	142	148	219	131	212	174	173	133	154	161	141	192	200	123	166
209	147	129	213	118	151	151	220	138	215	177	174	134	158	162	143	196	201	125	167
213	164	130	216	122	164	154	231	141	221	184	175	137	159	163	146	198	203	142	170
215	175	149	220	131	168	157	235	153	223	189	182	139	160	164	150	199	204	158	176
219	187	150	221	136	180	174	243	157	226	195	193	152	169	178	159	214	205	168	185
225	195	154	223	155	182	175	244	188	232	196	203	171	178	183	160	222	206	177	193
230	202	188	224	171	184	177	245	189	239	197	216	172	183	184	161	235	221	183	196
234	217	198	232	172	190	186	246	198	241	215	217	173	193	185	170	236	227	197	249
236	224	199	237	173	203	187	248	199	252	222	219	180	209	188	180	239	235	201	250
243	226	200	238	181	210	200	255	213	254	226	222	181	218	197	185	255	236	208	251
244	229	203	248	192	211	202	264	214	255	227	225	189	228	210	192	257	240	209	252
245	243	222	249	207	212	204	265	216	276	228	227	195	242	211	213	261	241	214	265
246	244	231	250	232	228	205	266	217	277	253	240	202	256	212	229	264	248	224	267
247	245	237	251	239	247	206	268	218	278	259	241	207	261	220	234	276	253	225	281
261	258	238	253	273	249	220	275	230	282	262	247	223	263	230	242	277	256	227	287
273	260	263	256	275	250	234	278	231	283	264	248	229	270	239	246	282	258	237	292
287	263	265	258	286	251	252	279	242	284	271	286	242	273	261	266	283	259	238	293
288	272	267	259	298	254	254	280	260	291	274	292	252	274	262	269	284	262	240	295
289	279	270	268	299	260	267	286	291	297	281	293	259	297	266	270	292	269	271	298
290	281	271	288	301	285	269	288	295	300	299	294	266	303	274	275	296	279	272	300
298	282	293	289	303	287	278	289	307	301	307	295	268	305	280	276	300	281	278	302
299	283	304	290	306	291	285	290	308	309	310	302	291	306	304	277	309	285	280	304
309	284	0	311	307	300	303	0	310	312	0	305	294	312	306	297	310	287	298	312
0	294	0	0	0	0	0	0	0	0	0	0	302	0	0	301	0	0	0	0

expected score
1.0	0.593

2.0	0.582

3.0	0.579

4.0	0.583

5.0	0.579

6.0	0.603

7.0	0.586

8.0	0.568

9.0	0.571

10.0	0.622

11.0	0.554

12.0	0.575

13.0	0.588

14.0	0.554

15.0	0.616

16.0	0.582

17.0	0.566

18.0	0.574

19.0	0.577

20.0	0.574

Categorical variables
UNIT
D3	0	0	0	0	0	0	0	0	0	0	2	0	2	2	0	0	0	0	0	0
D8	0	3	0	0	0	0	0	0	3	0	0	0	0	0	0	0	0	0	0	3
D12	0	0	3	0	0	0	3	3	0	0	0	0	0	0	0	0	0	0	0	0
D3b	0	0	0	0	2	2	0	0	0	0	0	0	0	0	0	0	0	0	2	0
D8b	0	0	3	0	0	0	0	0	0	0	0	0	0	0	0	3	0	0	3	0
D12b	0	0	0	0	0	0	0	0	0	0	3	3	0	0	0	0	0	3	0	0
D3c	0	2	0	0	0	0	0	0	0	2	0	0	0	0	0	2	0	0	0	0
D8c	0	0	0	0	0	3	0	0	0	0	0	0	3	3	0	0	0	0	0	0
D12c	0	3	0	0	0	0	0	0	3	0	0	0	0	0	0	0	0	0	3	0
D3d	0	0	2	0	0	0	0	0	0	0	0	0	0	0	2	0	0	0	2	0
D8d	0	0	0	0	0	0	0	0	0	0	0	3	0	0	0	3	0	0	0	0
D12d	0	0	0	0	0	0	0	0	0	0	0	0	3	0	3	3	0	0	0	0
D3e	2	0	0	0	0	0	0	0	0	0	0	0	0	2	0	2	0	0	0	0
D8e	0	0	0	0	0	0	0	0	0	3	0	3	0	0	0	0	0	0	0	3
D12e	0	0	0	0	3	0	0	0	0	0	0	3	3	0	0	0	0	0	0	0
D3f	0	0	2	0	0	0	0	0	2	0	0	0	0	0	0	0	2	0	0	0
D8f	0	0	0	3	0	0	3	0	0	0	0	0	0	0	0	0	0	3	0	0
D12f	0	0	0	0	0	3	0	0	0	3	0	0	0	0	3	0	0	0	0	0
D3g	0	0	2	2	0	0	0	0	0	0	0	0	0	0	0	0	0	0	2	0
D8g	3	3	0	0	0	0	0	3	0	0	0	0	0	0	0	0	0	0	0	0
D12g	0	0	0	3	0	3	0	0	0	0	0	0	0	0	0	0	0	0	0	3
D3h	0	0	0	0	0	0	0	0	0	2	0	0	0	0	0	2	2	0	0	0
D8h	0	3	0	0	0	0	0	0	0	3	0	0	0	0	0	0	3	0	0	0
D12h	3	0	0	3	0	0	0	3	0	0	0	0	0	0	0	0	0	0	0	0

DOMAIN
Numeri	11	11	11	11	11	12	11	11	11	11	11	12	11	11	11	11	12	11	11	11
Dati e previsioni	12	13	11	13	12	11	12	11	12	13	11	13	13	11	13	13	11	12	12	13
Spazio e figure	13	13	13	12	13	13	13	13	13	12	13	11	13	13	12	13	13	13	13	12
Relazioni e funzioni	11	11	11	11	11	11	11	11	11	11	11	11	11	12	11	11	11	11	11	11

DIMENSION
Conoscere	29	29	28	29	29	29	29	28	29	29	28	29	29	29	28	29	29	29	29	29
Risolvere problemi	13	13	13	13	13	13	13	13	13	13	13	13	13	13	13	13	13	13	13	13
Argomentare	5	6	5	5	5	5	5	5	5	5	5	5	6	5	6	6	5	5	5	5

Sum variables

Overlap matrix
	1	2	3	4	5	6	7	8	9	10	11	12	13	14	15	16	17	18	19	20
1	47	3	5	9	9	5	4	11	2	4	3	4	2	8	5	8	7	3	5	6
2	3	48	5	3	5	6	7	8	11	7	4	3	8	5	3	4	7	5	6	6
3	5	5	46	4	1	7	9	10	5	2	4	5	5	5	5	6	5	4	10	6
4	9	3	4	47	7	6	7	8	3	5	3	6	5	4	1	4	1	13	4	7
5	9	5	1	7	47	3	4	4	8	7	3	4	12	5	7	5	5	3	6	6
6	5	6	7	6	3	47	10	3	4	8	4	4	8	8	5	2	4	4	8	6
7	4	7	9	7	4	10	47	7	4	4	4	5	4	7	4	2	3	8	6	6
8	11	8	10	8	4	3	7	46	2	2	3	5	3	4	7	5	3	5	7	2
9	2	11	5	3	8	4	4	2	47	3	8	6	6	5	5	6	9	0	8	6
10	4	7	2	5	7	8	4	2	3	47	3	6	5	3	6	8	12	6	6	8
11	3	4	4	3	3	4	4	3	8	3	46	7	7	7	9	3	9	10	5	7
12	4	3	5	6	4	4	5	5	6	6	7	47	5	3	1	8	3	9	4	11
13	2	8	5	5	12	8	4	3	6	5	7	5	48	9	7	9	1	6	2	3
14	8	5	5	4	5	8	7	4	5	3	7	3	9	47	5	7	3	3	7	4
15	5	3	5	1	7	5	4	7	5	6	9	1	7	5	47	9	7	5	5	5
16	8	4	6	4	5	2	2	5	6	8	3	8	9	7	9	48	7	3	3	5
17	7	7	5	1	5	4	3	3	9	12	9	3	1	3	7	7	47	6	3	5
18	3	5	4	13	3	4	8	5	0	6	10	9	6	3	5	3	6	47	7	5
19	5	6	10	4	6	8	6	7	8	6	5	4	2	7	5	3	3	7	47	1
20	6	6	6	7	6	6	6	2	6	8	7	11	3	4	5	5	5	5	1	47

Item use
5	4.0
8	4.0
14	4.0
18	4.0
25	4.0
27	4.0
44	4.0
47	4.0
53	4.0
57	4.0
64	4.0
66	4.0
71	4.0
83	4.0
86	4.0
92	4.0
96	4.0
103	4.0
105	4.0
110	4.0
122	4.0
125	4.0
131	4.0
135	4.0
142	4.0
144	4.0
149	4.0
161	4.0
164	4.0
170	4.0
174	4.0
181	4.0
183	4.0
188	4.0
200	4.0
203	4.0
209	4.0
213	4.0
220	4.0
222	4.0
227	4.0
239	4.0
242	4.0
248	4.0
252	4.0
259	4.0
261	4.0
266	4.0
278	4.0
281	4.0
287	4.0
291	4.0
298	4.0
300	4.0
1	3.0
2	3.0
3	3.0
4	3.0
6	3.0
7	3.0
9	3.0
10	3.0
11	3.0
12	3.0
13	3.0
15	3.0
16	3.0
17	3.0
19	3.0
20	3.0
21	3.0
22	3.0
24	3.0
26	3.0
28	3.0
29	3.0
30	3.0
31	3.0
32	3.0
33	3.0
34	3.0
36	3.0
37	3.0
39	3.0
40	3.0
41	3.0
42	3.0
43	3.0
45	3.0
46	3.0
48	3.0
49	3.0
50	3.0
51	3.0
52	3.0
54	3.0
55	3.0
56	3.0
58	3.0
59	3.0
60	3.0
61	3.0
63	3.0
65	3.0
67	3.0
68	3.0
69	3.0
70	3.0
72	3.0
73	3.0
75	3.0
76	3.0
78	3.0
79	3.0
80	3.0
81	3.0
82	3.0
84	3.0
85	3.0
87	3.0
88	3.0
89	3.0
90	3.0
93	3.0
94	3.0
95	3.0
97	3.0
98	3.0
99	3.0
100	3.0
102	3.0
104	3.0
106	3.0
107	3.0
108	3.0
109	3.0
111	3.0
112	3.0
113	3.0
114	3.0
115	3.0
117	3.0
118	3.0
119	3.0
120	3.0
121	3.0
123	3.0
124	3.0
129	3.0
130	3.0
132	3.0
133	3.0
134	3.0
136	3.0
137	3.0
138	3.0
139	3.0
141	3.0
143	3.0
145	3.0
146	3.0
147	3.0
148	3.0
150	3.0
151	3.0
152	3.0
153	3.0
154	3.0
156	3.0
157	3.0
158	3.0
159	3.0
160	3.0
162	3.0
163	3.0
165	3.0
166	3.0
167	3.0
168	3.0
169	3.0
171	3.0
172	3.0
173	3.0
175	3.0
176	3.0
177	3.0
178	3.0
180	3.0
182	3.0
184	3.0
185	3.0
186	3.0
187	3.0
189	3.0
190	3.0
192	3.0
193	3.0
195	3.0
196	3.0
197	3.0
198	3.0
199	3.0
201	3.0
202	3.0
204	3.0
205	3.0
206	3.0
207	3.0
210	3.0
211	3.0
212	3.0
214	3.0
215	3.0
216	3.0
217	3.0
219	3.0
221	3.0
223	3.0
224	3.0
225	3.0
226	3.0
228	3.0
229	3.0
230	3.0
231	3.0
232	3.0
234	3.0
235	3.0
236	3.0
237	3.0
238	3.0
240	3.0
241	3.0
243	3.0
244	3.0
245	3.0
246	3.0
247	3.0
249	3.0
250	3.0
251	3.0
253	3.0
254	3.0
255	3.0
256	3.0
258	3.0
260	3.0
262	3.0
263	3.0
264	3.0
265	3.0
267	3.0
268	3.0
269	3.0
270	3.0
271	3.0
273	3.0
274	3.0
275	3.0
276	3.0
277	3.0
279	3.0
280	3.0
282	3.0
283	3.0
284	3.0
285	3.0
286	3.0
288	3.0
289	3.0
290	3.0
292	3.0
293	3.0
294	3.0
295	3.0
297	3.0
299	3.0
301	3.0
302	3.0
303	3.0
304	3.0
306	3.0
307	3.0
309	3.0
310	3.0
312	3.0
74	2.0
91	2.0
126	2.0
127	2.0
128	2.0
155	2.0
208	2.0
218	2.0
272	2.0
305	2.0
38	1.0
140	1.0
191	1.0
194	1.0
257	1.0
296	1.0
308	1.0
311	1.0
23	0.0
35	0.0
62	0.0
77	0.0
101	0.0
116	0.0
179	0.0
233	0.0
