Length
1	2	3	4	5	6	7	8	9	10	11	12	13	14
30	30	30	30	30	30	30	30	30	30	30	30	30	30

design
12	6	1	1	4	2	8	5	18	15	16	7	9	14
17	7	2	3	11	3	51	13	22	17	21	20	30	23
19	9	24	5	13	4	55	58	26	25	28	25	31	27
20	10	38	6	51	10	78	60	32	36	29	39	43	33
23	19	49	8	62	12	79	61	66	47	32	40	44	34
30	54	50	11	65	14	80	81	78	48	37	41	47	35
31	76	66	18	72	15	88	82	79	74	39	43	48	59
33	81	87	21	73	16	102	83	80	89	40	44	61	88
34	82	103	49	74	22	109	84	98	114	41	45	63	93
35	83	121	50	99	24	110	85	107	144	42	46	68	102
42	96	132	54	100	26	111	86	110	147	45	52	94	105
70	97	133	59	101	27	130	94	131	148	67	53	118	124
84	106	135	99	122	28	132	109	145	156	76	55	122	129
85	111	136	100	128	29	133	117	146	165	87	56	123	135
86	115	147	101	137	36	138	143	149	175	89	57	125	136
98	117	148	128	142	37	162	144	155	176	90	58	141	139
108	158	151	129	153	38	163	145	175	177	96	64	153	150
121	184	186	155	172	64	164	146	176	198	97	65	165	169
138	185	192	157	221	118	169	152	177	199	140	67	182	172
151	186	193	159	224	127	181	170	198	204	143	69	187	173
152	201	194	184	232	171	189	178	199	219	149	106	190	195
167	204	197	185	235	173	205	187	202	226	150	116	215	196
178	206	215	211	236	179	206	195	203	227	162	119	224	201
191	207	223	231	237	192	207	214	230	248	163	123	231	239
196	222	232	233	238	193	218	230	243	251	164	141	233	243
205	242	235	238	241	194	226	234	247	252	197	142	255	246
211	254	236	240	250	209	227	250	256	253	216	170	260	254
256	271	237	260	262	249	248	251	258	266	225	202	261	255
262	273	246	261	265	252	269	257	263	273	241	209	264	269
264	275	276	265	266	253	276	259	270	274	245	272	272	271

expected score
Categorical variables
UNIT
S032651	2	0	0	0	0	0	0	0	0	0	0	0	2	0
S032665	3	0	0	0	0	0	0	0	0	0	0	0	0	3
S042049	0	0	0	0	0	0	0	0	0	2	0	0	2	0
S042051	0	0	2	2	0	0	0	0	0	0	0	0	0	0
S042222	0	0	0	0	0	0	3	0	3	0	0	0	0	0
S042228	0	3	0	0	0	0	0	3	0	0	0	0	0	0
S042238	3	0	0	0	0	0	0	3	0	0	0	0	0	0
S042293	0	2	0	0	0	0	0	0	0	0	2	0	0	0
S042300	0	0	0	3	3	0	0	0	0	0	0	0	0	0
S052085	0	0	2	0	0	0	2	0	0	0	0	0	0	0
S052090	0	0	2	0	0	0	0	0	0	0	0	0	0	2
S052112	0	0	2	0	0	0	0	0	0	2	0	0	0	0
S052165	0	0	0	0	0	0	3	0	0	0	3	0	0	0
S052243	0	0	0	0	0	0	0	0	3	3	0	0	0	0
S052263	0	2	0	2	0	0	0	0	0	0	0	0	0	0
S052289	0	0	3	0	0	3	0	0	0	0	0	0	0	0
S052303	0	0	0	0	0	0	0	0	2	2	0	0	0	0
S062024	0	2	0	0	0	0	2	0	0	0	0	0	0	0
S062091	0	0	0	0	0	0	2	0	0	2	0	0	0	0
S062103	0	0	1	0	1	0	0	0	0	0	0	0	0	0
S062116	0	0	3	0	3	0	0	0	0	0	0	0	0	0
S062173	0	0	0	0	0	2	0	0	0	2	0	0	0	0
S062211	0	0	0	2	0	0	0	0	0	0	0	0	2	0

Content_Domain
Biology	11	7	16	14	14	9	12	6	11	8	13	7	9	11
Physics	10	6	4	5	6	9	7	9	8	8	9	5	4	9
Chemistry	2	10	3	4	3	5	4	6	2	7	1	11	8	3
Earth_Science	7	7	7	7	7	7	7	9	9	7	7	7	9	7

Cognitive_Domain
Knowing	7	11	8	11	9	8	13	12	8	6	16	16	13	11
Applying	14	10	10	15	15	14	13	10	16	18	6	13	9	11
Reasoning	9	9	12	4	6	8	4	8	6	6	8	1	8	8

Item_Type
CR	13	19	15	19	14	12	15	15	11	13	12	11	14	12
MC	17	11	15	11	16	18	15	15	19	17	18	19	16	18

Topic
2	12	11	13	14	17	9	8	18	9	11	8	7	14	6
1	11	12	11	10	8	11	18	8	14	10	17	16	9	14
3	3	7	4	6	3	7	3	4	5	5	4	2	5	7
4	1	0	2	0	2	3	1	0	2	4	1	5	2	0
5	3	0	0	0	0	0	0	0	0	0	0	0	0	3

Biology_Knowing
1	1	3	4	4	2	3	3	3	3	1	7	5	5	2
0	29	27	26	26	28	27	27	27	27	29	23	25	25	28

Biology_Applying
0	24	29	25	22	24	25	23	28	24	25	26	28	27	25
1	6	1	5	8	6	5	7	2	6	5	4	2	3	5

Biology_Reasoning
0	26	27	23	28	24	29	28	29	28	28	28	30	29	26
1	4	3	7	2	6	1	2	1	2	2	2	0	1	4

Chemistry_Knowing
0	29	28	29	28	28	28	28	29	29	27	29	26	26	28
1	1	2	1	2	2	2	2	1	1	3	1	4	4	2

Chemistry_Applying
0	29	26	30	29	29	28	28	28	29	26	30	23	29	29
1	1	4	0	1	1	2	2	2	1	4	0	7	1	1

Chemistry_Reasoning
0	30	26	28	29	30	29	30	27	30	30	30	30	27	30
1	0	4	2	1	0	1	0	3	0	0	0	0	3	0

Physics_Knowing
0	28	28	28	30	29	28	27	27	29	29	25	28	30	28
1	2	2	2	0	1	2	3	3	1	1	5	2	0	2

Physics_Applying
0	25	27	29	25	25	28	28	27	26	25	29	28	28	25
1	5	3	1	5	5	2	2	3	4	5	1	2	2	5

Physics_Reasoning
0	27	29	29	30	30	25	28	27	27	28	27	29	28	28
1	3	1	1	0	0	5	2	3	3	2	3	1	2	2

Earth_Knowing
0	27	26	29	25	26	29	25	25	27	29	27	25	26	25
1	3	4	1	5	4	1	5	5	3	1	3	5	4	5

Earth_Applying
0	28	28	26	29	27	25	28	27	25	26	29	28	27	30
1	2	2	4	1	3	5	2	3	5	4	1	2	3	0

Earth_Reasoning
0	28	29	28	29	30	29	30	29	29	28	27	30	28	28
1	2	1	2	1	0	1	0	1	1	2	3	0	2	2

Sum variables

Overlap matrix
	1	2	3	4	5	6	7	8	9	10	11	12	13	14
1	30	1	2	1	1	1	2	5	2	1	1	1	3	5
2	1	30	1	4	0	1	3	4	0	2	3	2	1	3
3	2	1	30	3	4	6	3	0	1	2	2	0	1	3
4	1	4	3	30	7	1	1	1	2	0	1	0	4	2
5	1	0	4	7	30	1	1	2	0	2	1	2	3	1
6	1	1	6	1	1	30	0	0	2	4	4	2	1	3
7	2	3	3	1	1	0	30	1	4	3	3	1	0	4
8	5	4	0	1	2	0	1	30	3	2	1	2	3	1
9	2	0	1	2	0	2	4	3	30	5	2	1	0	1
10	1	2	2	0	2	4	3	2	5	30	1	1	3	0
11	1	3	2	1	1	4	3	1	2	1	30	5	0	1
12	1	2	0	0	2	2	1	2	1	1	5	30	5	0
13	3	1	1	4	3	1	0	3	0	3	0	5	30	1
14	5	3	3	2	1	3	4	1	1	0	1	0	1	30

Item use
1	2.0
2	2.0
3	2.0
4	2.0
5	2.0
6	2.0
7	2.0
8	2.0
9	2.0
10	2.0
11	2.0
12	2.0
13	2.0
14	2.0
15	2.0
16	2.0
17	2.0
18	2.0
19	2.0
20	2.0
21	2.0
22	2.0
23	2.0
24	2.0
25	2.0
26	2.0
27	2.0
28	2.0
29	2.0
30	2.0
31	2.0
32	2.0
33	2.0
34	2.0
35	2.0
36	2.0
37	2.0
38	2.0
39	2.0
40	2.0
41	2.0
42	2.0
43	2.0
44	2.0
45	2.0
47	2.0
48	2.0
49	2.0
50	2.0
51	2.0
54	2.0
55	2.0
58	2.0
59	2.0
61	2.0
64	2.0
65	2.0
66	2.0
67	2.0
74	2.0
76	2.0
78	2.0
79	2.0
80	2.0
81	2.0
82	2.0
83	2.0
84	2.0
85	2.0
86	2.0
87	2.0
88	2.0
89	2.0
94	2.0
96	2.0
97	2.0
98	2.0
99	2.0
100	2.0
101	2.0
102	2.0
106	2.0
109	2.0
110	2.0
111	2.0
117	2.0
118	2.0
121	2.0
122	2.0
123	2.0
128	2.0
129	2.0
132	2.0
133	2.0
135	2.0
136	2.0
138	2.0
141	2.0
142	2.0
143	2.0
144	2.0
145	2.0
146	2.0
147	2.0
148	2.0
149	2.0
150	2.0
151	2.0
152	2.0
153	2.0
155	2.0
162	2.0
163	2.0
164	2.0
165	2.0
169	2.0
170	2.0
172	2.0
173	2.0
175	2.0
176	2.0
177	2.0
178	2.0
184	2.0
185	2.0
186	2.0
187	2.0
192	2.0
193	2.0
194	2.0
195	2.0
196	2.0
197	2.0
198	2.0
199	2.0
201	2.0
202	2.0
204	2.0
205	2.0
206	2.0
207	2.0
209	2.0
211	2.0
215	2.0
224	2.0
226	2.0
227	2.0
230	2.0
231	2.0
232	2.0
233	2.0
235	2.0
236	2.0
237	2.0
238	2.0
241	2.0
243	2.0
246	2.0
248	2.0
250	2.0
251	2.0
252	2.0
253	2.0
254	2.0
255	2.0
256	2.0
260	2.0
261	2.0
262	2.0
264	2.0
265	2.0
266	2.0
269	2.0
271	2.0
272	2.0
273	2.0
276	2.0
46	1.0
52	1.0
53	1.0
56	1.0
57	1.0
60	1.0
62	1.0
63	1.0
68	1.0
69	1.0
70	1.0
72	1.0
73	1.0
90	1.0
93	1.0
103	1.0
105	1.0
107	1.0
108	1.0
114	1.0
115	1.0
116	1.0
119	1.0
124	1.0
125	1.0
127	1.0
130	1.0
131	1.0
137	1.0
139	1.0
140	1.0
156	1.0
157	1.0
158	1.0
159	1.0
167	1.0
171	1.0
179	1.0
181	1.0
182	1.0
189	1.0
190	1.0
191	1.0
203	1.0
214	1.0
216	1.0
218	1.0
219	1.0
221	1.0
222	1.0
223	1.0
225	1.0
234	1.0
239	1.0
240	1.0
242	1.0
245	1.0
247	1.0
249	1.0
257	1.0
258	1.0
259	1.0
263	1.0
270	1.0
274	1.0
275	1.0
71	0.0
75	0.0
77	0.0
91	0.0
92	0.0
95	0.0
104	0.0
112	0.0
113	0.0
120	0.0
126	0.0
134	0.0
154	0.0
160	0.0
161	0.0
166	0.0
168	0.0
174	0.0
180	0.0
183	0.0
188	0.0
200	0.0
208	0.0
210	0.0
212	0.0
213	0.0
217	0.0
220	0.0
228	0.0
229	0.0
244	0.0
267	0.0
268	0.0
