Length
1	2	3	4	5	6	7	8	9	10	11	12	13	14	15	16	17	18	19	20
45	45	46	48	48	48	48	48	46	45	46	45	48	48	47	48	48	48	45	46

design
2	3	3	1	1	31	31	21	12	1	31	2	24	6	2	8	12	8	6	7
5	4	4	8	13	39	40	33	25	5	33	15	28	9	3	23	19	18	21	26
7	9	9	13	29	40	42	34	26	6	45	16	63	10	4	24	21	38	22	34
14	10	10	19	38	57	43	39	27	7	46	17	68	11	5	32	25	39	28	35
20	11	11	20	40	90	47	48	30	13	48	19	70	12	14	36	29	46	30	37
22	15	22	59	79	91	51	49	32	15	49	24	71	14	18	37	30	52	34	41
41	16	23	62	83	109	57	50	64	16	50	27	75	18	32	47	37	54	42	42
59	17	35	68	107	115	74	52	65	17	51	59	76	29	35	53	65	55	43	43
62	20	36	70	108	118	79	61	66	25	53	72	81	47	54	60	66	56	45	44
66	23	53	73	111	122	86	62	77	27	58	75	82	67	55	63	69	73	52	60
75	26	57	80	112	126	98	68	78	28	64	76	90	77	56	69	70	81	54	61
84	33	60	83	124	127	108	72	80	38	74	78	100	81	63	72	78	82	55	67
85	36	71	96	131	128	114	87	92	41	79	97	107	82	64	76	87	93	56	71
93	44	74	103	141	136	130	88	99	44	84	104	109	84	86	77	88	94	58	96
94	45	83	104	148	148	131	89	101	46	90	115	132	91	87	99	89	95	61	105
95	48	92	120	161	153	132	91	102	51	98	119	133	105	88	113	101	97	65	108
104	49	105	121	185	156	133	101	110	67	110	123	134	117	89	131	111	107	69	112
109	50	111	129	187	161	134	102	113	73	117	126	152	125	100	142	115	114	86	114
110	58	112	137	190	165	139	103	123	80	129	127	155	136	102	145	116	118	92	116
113	85	120	151	191	166	143	106	126	85	132	128	156	139	117	149	118	120	96	174
122	106	121	153	196	167	155	138	127	93	133	130	157	141	119	150	119	121	98	180
123	124	125	174	197	175	163	143	128	94	134	140	165	146	140	156	124	122	116	183
145	129	135	175	200	178	168	144	135	95	137	149	166	150	150	157	130	140	125	189
158	135	138	179	208	186	169	147	139	97	154	158	167	154	153	159	138	147	136	190
162	137	145	180	214	194	178	152	142	99	161	159	185	183	158	160	143	151	144	195
170	141	151	184	219	201	182	159	149	100	163	160	188	185	170	164	146	170	171	209
171	144	157	190	224	217	186	160	154	103	164	171	194	188	184	189	163	176	172	220
172	147	162	193	235	221	187	169	162	106	177	172	196	198	202	192	168	184	173	222
173	164	169	196	236	227	192	181	165	142	181	173	203	199	203	198	179	200	177	234
174	180	176	207	239	228	193	186	166	146	182	175	209	201	204	199	187	210	178	235
182	181	179	214	241	229	198	191	167	148	197	176	213	202	205	215	193	211	183	237
189	200	208	218	243	247	199	195	188	152	204	177	216	225	206	228	194	212	195	238
191	215	209	226	244	252	204	203	192	155	205	213	223	229	219	231	207	217	201	240
214	225	210	232	245	258	205	218	213	168	206	221	224	256	223	232	210	219	207	248
221	229	211	239	246	261	206	220	216	197	215	248	225	268	241	234	211	226	224	249
227	230	212	248	247	263	208	226	217	202	230	259	232	275	243	237	212	231	230	250
246	252	233	260	261	265	222	242	222	216	242	262	240	278	244	238	220	237	239	251
259	253	235	266	263	266	227	246	223	218	256	288	255	293	245	242	231	238	241	255
267	258	252	269	268	267	228	249	234	236	260	289	262	295	257	243	233	240	253	272
279	279	256	270	278	268	233	250	257	269	272	290	264	297	258	244	236	249	276	287
285	281	261	275	285	273	254	251	264	275	282	297	265	298	260	245	247	250	277	294
286	282	264	292	287	274	265	257	267	296	283	300	272	300	269	254	259	251	281	295
299	283	271	293	288	282	266	262	279	306	284	303	273	302	276	255	270	253	291	296
302	284	287	302	289	283	270	276	292	308	291	306	274	304	277	263	271	254	301	298
310	301	296	303	290	284	271	277	299	311	305	308	278	306	281	273	280	288	309	304
0	0	311	304	294	286	274	280	305	0	309	0	280	307	298	291	285	289	0	310
0	0	0	307	300	292	294	299	0	0	0	0	286	310	312	295	293	290	0	0
0	0	0	308	303	311	305	301	0	0	0	0	309	312	0	312	307	297	0	0

expected score
1.0	0.588

2.0	0.607

3.0	0.592

4.0	0.572

5.0	0.586

6.0	0.589

7.0	0.614

8.0	0.633

9.0	0.561

10.0	0.63

11.0	0.608

12.0	0.593

13.0	0.611

14.0	0.579

15.0	0.607

16.0	0.575

17.0	0.599

18.0	0.664

19.0	0.603

20.0	0.575

Categorical variables
UNIT
D3	0	2	2	0	0	0	0	0	0	0	0	0	0	0	2	0	0	0	0	0
D8	0	3	3	0	0	0	0	0	0	0	0	0	0	3	0	0	0	0	0	0
D12	0	3	0	0	0	0	0	0	0	3	0	3	0	0	0	0	0	0	0	0
D3b	0	0	0	0	0	0	2	0	0	0	0	0	0	0	0	0	0	0	2	2
D8b	0	3	0	0	0	0	0	3	0	0	3	0	0	0	0	0	0	0	0	0
D12b	0	0	0	0	0	0	0	0	0	0	0	0	0	0	3	0	0	3	3	0
D3c	0	0	0	0	0	0	0	0	0	0	0	0	2	2	0	0	0	2	0	0
D8c	0	0	0	0	0	0	0	3	0	0	0	0	0	0	3	0	3	0	0	0
D12c	3	0	0	0	0	0	0	0	0	3	0	0	0	0	0	0	0	3	0	0
D3d	0	0	2	2	0	0	0	0	0	0	0	0	0	0	0	0	0	2	0	0
D8d	0	0	0	0	0	3	0	0	3	0	0	3	0	0	0	0	0	0	0	0
D12d	0	0	0	0	0	0	3	0	0	0	3	0	3	0	0	0	0	0	0	0
D3e	0	0	0	0	0	0	0	2	0	0	0	2	0	0	0	2	0	0	0	0
D8e	0	0	0	0	0	3	0	0	3	0	0	0	3	0	0	0	0	0	0	0
D12e	3	0	0	0	0	0	0	0	0	0	0	3	0	0	0	0	0	0	3	0
D3f	0	0	0	0	0	0	2	0	0	0	0	0	0	2	0	2	0	0	0	0
D8f	0	0	0	0	0	0	3	0	0	0	3	0	0	0	3	0	0	0	0	0
D12f	0	0	3	0	0	0	0	0	0	0	0	0	0	0	0	0	3	3	0	0
D3g	0	0	0	0	0	0	0	0	0	0	0	0	0	0	0	2	0	2	0	2
D8g	0	0	0	0	3	0	0	0	0	0	0	0	0	0	3	3	0	0	0	0
D12g	0	0	0	0	0	0	0	3	0	0	0	0	0	0	0	0	0	3	0	3
D3h	0	0	0	0	0	0	0	2	0	0	0	0	0	0	2	0	0	0	2	0
D8h	0	3	0	0	0	3	0	0	0	0	3	0	0	0	0	0	0	0	0	0
D12h	0	0	0	0	3	0	0	0	0	0	0	3	0	0	0	0	0	3	0	0

DOMAIN
Numeri	11	12	10	14	17	13	16	6	11	9	12	7	19	16	6	12	15	12	13	9
Dati e previsioni	14	16	12	8	9	12	9	18	12	17	15	21	11	9	20	12	15	17	8	9
Spazio e figure	11	9	12	18	13	16	15	18	9	13	10	11	12	13	11	14	14	14	15	16
Relazioni e funzioni	9	8	12	8	9	7	8	6	14	6	9	6	6	10	10	10	4	5	9	12

DIMENSION
Conoscere	27	21	27	30	31	25	33	24	19	24	25	25	33	25	23	31	29	37	34	29
Risolvere problemi	13	17	14	13	10	18	14	21	20	18	19	15	12	12	20	15	17	6	5	9
Argomentare	5	7	5	5	7	5	1	3	7	3	2	5	3	11	4	2	2	5	6	8

Sum variables

Overlap matrix
	1	2	3	4	5	6	7	8	9	10	11	12	13	14	15	16	17	18	19	20
1	45	3	3	7	4	6	2	4	8	7	3	11	3	4	5	3	3	5	4	5
2	3	45	9	4	3	6	0	9	3	6	15	3	1	6	4	4	1	3	7	3
3	3	9	46	5	7	4	6	2	4	2	3	1	4	6	3	6	8	7	3	9
4	7	4	5	48	8	4	3	5	2	9	3	7	4	5	4	2	8	7	3	6
5	4	3	7	8	48	7	7	2	0	6	3	5	5	6	5	5	7	7	3	6
6	6	6	4	4	7	48	10	3	9	2	6	6	11	5	2	4	4	4	3	0
7	2	0	6	3	7	10	48	3	4	3	14	1	6	4	4	7	9	2	5	6
8	4	9	2	5	2	3	3	48	4	4	6	4	5	1	8	4	9	7	9	7
9	8	3	4	2	0	9	4	4	46	6	4	8	8	5	5	8	7	1	3	3
10	7	6	2	9	6	2	3	4	6	45	3	7	5	6	4	2	4	7	2	5
11	3	15	3	3	3	6	14	6	4	3	46	1	6	4	6	5	1	1	7	1
12	11	3	1	7	5	6	1	4	8	7	1	45	5	3	4	6	6	7	4	1
13	3	1	4	4	5	11	6	5	8	5	6	5	48	6	4	8	3	4	3	5
14	4	6	6	5	6	5	4	1	5	6	4	3	6	48	7	7	5	4	5	7
15	5	4	3	4	5	2	4	8	5	4	6	4	4	7	47	7	4	8	8	2
16	3	4	6	2	5	4	7	4	8	2	5	6	8	7	7	48	3	5	2	8
17	3	1	8	8	7	4	9	9	7	4	1	6	3	5	4	3	48	5	6	3
18	5	3	7	7	7	4	2	7	1	7	1	7	4	4	8	5	5	48	5	7
19	4	7	3	3	3	3	5	9	3	2	7	4	3	5	8	2	6	5	45	8
20	5	3	9	6	6	0	6	7	3	5	1	1	5	7	2	8	3	7	8	46

Item use
1	3.0
2	3.0
3	3.0
4	3.0
5	3.0
6	3.0
7	3.0
8	3.0
9	3.0
10	3.0
11	3.0
12	3.0
13	3.0
14	3.0
15	3.0
16	3.0
17	3.0
18	3.0
19	3.0
20	3.0
21	3.0
22	3.0
23	3.0
24	3.0
25	3.0
26	3.0
27	3.0
28	3.0
29	3.0
30	3.0
31	3.0
32	3.0
33	3.0
34	3.0
35	3.0
36	3.0
37	3.0
38	3.0
39	3.0
40	3.0
41	3.0
42	3.0
43	3.0
44	3.0
45	3.0
46	3.0
47	3.0
48	3.0
49	3.0
50	3.0
51	3.0
52	3.0
53	3.0
54	3.0
55	3.0
56	3.0
57	3.0
58	3.0
59	3.0
60	3.0
61	3.0
62	3.0
63	3.0
64	3.0
65	3.0
66	3.0
67	3.0
68	3.0
69	3.0
70	3.0
71	3.0
72	3.0
73	3.0
74	3.0
75	3.0
76	3.0
77	3.0
78	3.0
79	3.0
80	3.0
81	3.0
82	3.0
83	3.0
84	3.0
85	3.0
86	3.0
87	3.0
88	3.0
89	3.0
90	3.0
91	3.0
92	3.0
93	3.0
94	3.0
95	3.0
96	3.0
97	3.0
98	3.0
99	3.0
100	3.0
101	3.0
102	3.0
103	3.0
104	3.0
105	3.0
106	3.0
107	3.0
108	3.0
109	3.0
110	3.0
111	3.0
112	3.0
113	3.0
114	3.0
115	3.0
116	3.0
117	3.0
118	3.0
119	3.0
120	3.0
121	3.0
122	3.0
123	3.0
124	3.0
125	3.0
126	3.0
127	3.0
128	3.0
129	3.0
130	3.0
131	3.0
132	3.0
133	3.0
134	3.0
135	3.0
136	3.0
137	3.0
138	3.0
139	3.0
140	3.0
141	3.0
142	3.0
143	3.0
144	3.0
145	3.0
146	3.0
147	3.0
148	3.0
149	3.0
150	3.0
151	3.0
152	3.0
153	3.0
154	3.0
155	3.0
156	3.0
157	3.0
158	3.0
159	3.0
160	3.0
161	3.0
162	3.0
163	3.0
164	3.0
165	3.0
166	3.0
167	3.0
168	3.0
169	3.0
170	3.0
171	3.0
172	3.0
173	3.0
174	3.0
175	3.0
176	3.0
177	3.0
178	3.0
179	3.0
180	3.0
181	3.0
182	3.0
183	3.0
184	3.0
185	3.0
186	3.0
187	3.0
188	3.0
189	3.0
190	3.0
191	3.0
192	3.0
193	3.0
194	3.0
195	3.0
196	3.0
197	3.0
198	3.0
199	3.0
200	3.0
201	3.0
202	3.0
203	3.0
204	3.0
205	3.0
206	3.0
207	3.0
208	3.0
209	3.0
210	3.0
211	3.0
212	3.0
213	3.0
214	3.0
215	3.0
216	3.0
217	3.0
218	3.0
219	3.0
220	3.0
221	3.0
222	3.0
223	3.0
224	3.0
225	3.0
226	3.0
227	3.0
228	3.0
229	3.0
230	3.0
231	3.0
232	3.0
233	3.0
234	3.0
235	3.0
236	3.0
237	3.0
238	3.0
239	3.0
240	3.0
241	3.0
242	3.0
243	3.0
244	3.0
245	3.0
246	3.0
247	3.0
248	3.0
249	3.0
250	3.0
251	3.0
252	3.0
253	3.0
254	3.0
255	3.0
256	3.0
257	3.0
258	3.0
259	3.0
260	3.0
261	3.0
262	3.0
263	3.0
264	3.0
265	3.0
266	3.0
267	3.0
268	3.0
269	3.0
270	3.0
271	3.0
272	3.0
273	3.0
274	3.0
275	3.0
276	3.0
277	3.0
278	3.0
279	3.0
280	3.0
281	3.0
282	3.0
283	3.0
284	3.0
285	3.0
286	3.0
287	3.0
288	3.0
289	3.0
290	3.0
291	3.0
292	3.0
293	3.0
294	3.0
295	3.0
296	3.0
297	3.0
298	3.0
299	3.0
300	3.0
301	3.0
302	3.0
303	3.0
304	3.0
305	3.0
306	3.0
307	3.0
308	3.0
309	3.0
310	3.0
311	3.0
312	3.0
