Length
1	2	3	4	5	6	7	8	9	10	11	12	13	14	15	16	17	18	19	20
46	46	46	46	46	46	46	46	46	46	46	46	46	46	46	46	46	46	46	46

design
5	1	5	15	9	8	1	2	8	13	9	5	7	6	3	1	2	12	2	12
14	3	28	16	10	21	3	14	13	18	10	29	24	8	4	7	23	22	22	19
18	4	31	17	11	31	4	19	15	20	11	31	28	13	7	20	25	65	24	20
19	6	33	51	15	34	33	27	16	22	23	35	41	14	25	30	38	81	25	29
21	9	36	52	16	57	60	30	17	26	26	36	47	64	39	40	45	82	32	44
23	10	37	57	17	64	69	35	27	27	32	52	57	73	42	42	47	85	34	45
24	11	61	72	45	75	85	39	29	30	34	53	58	77	43	43	58	87	44	48
26	18	65	73	60	97	92	40	37	35	38	66	60	80	59	46	70	88	48	49
28	21	67	79	62	105	99	46	42	44	41	68	67	81	69	54	77	89	49	50
33	32	71	96	63	119	108	58	43	46	51	78	70	82	76	55	87	100	50	54
36	47	72	103	64	142	113	61	48	65	53	86	71	102	81	56	88	107	54	55
37	53	84	106	68	152	125	68	49	66	59	98	97	111	82	59	89	109	55	56
38	72	91	110	83	154	126	75	50	74	62	101	103	114	98	66	96	111	56	63
39	137	96	120	86	157	127	78	70	76	76	103	106	129	104	92	99	115	61	77
41	139	106	121	91	158	128	79	83	84	78	110	118	132	113	105	101	116	62	85
51	157	109	125	108	161	131	90	86	97	80	112	122	133	118	114	102	119	79	100
52	158	123	146	115	177	140	92	93	108	90	113	147	134	124	117	104	135	84	102
63	165	126	153	120	179	144	93	94	112	93	123	155	135	129	136	111	142	87	104
67	166	127	154	121	181	145	94	95	117	94	138	157	139	136	140	116	150	88	115
69	167	128	168	122	184	159	95	107	122	95	141	162	163	137	145	117	153	89	125
73	171	137	170	135	194	160	99	110	131	98	147	174	176	143	150	119	159	109	136
75	172	138	191	144	204	168	105	124	132	100	163	184	183	147	156	120	160	112	141
80	173	139	197	175	205	170	116	143	133	101	168	188	188	176	158	121	164	118	146
90	182	145	210	180	206	189	130	153	134	107	187	195	190	178	161	124	171	126	151
91	204	148	211	190	209	195	131	159	142	129	192	196	193	183	169	130	172	127	155
114	205	149	212	197	210	207	138	160	149	132	194	202	197	185	174	140	173	128	169
123	206	151	215	198	211	213	144	164	161	133	195	213	200	188	178	155	179	143	171
130	208	176	228	199	212	217	148	170	163	134	204	217	203	201	181	162	182	148	172
141	215	177	232	208	219	222	150	179	164	152	205	222	213	207	184	174	186	152	173
146	221	187	237	217	225	227	151	185	169	154	206	242	214	208	226	175	191	156	180
178	223	189	238	218	229	248	156	191	177	200	227	249	218	209	231	187	198	165	182
183	234	221	243	220	234	257	162	196	186	201	233	250	220	215	234	192	199	166	210
185	239	224	244	225	240	258	165	216	189	214	254	251	222	227	241	196	203	167	211
186	247	235	245	228	241	261	166	223	192	216	258	260	229	232	249	202	207	175	212
198	249	243	252	243	247	263	167	225	202	218	260	263	230	233	250	209	216	194	214
199	250	244	253	244	252	268	181	230	226	223	261	271	240	235	251	224	231	200	221
219	251	245	257	245	253	270	190	239	229	257	282	273	242	253	254	230	236	203	237
220	261	265	265	246	254	276	201	269	231	259	283	278	260	262	262	235	241	219	238
228	276	267	274	255	255	277	224	272	236	268	284	279	266	265	263	237	270	226	246
248	277	272	291	266	264	279	232	278	242	269	285	281	274	272	264	238	273	240	247
267	282	276	293	279	269	287	233	281	256	280	287	287	282	274	267	239	281	256	248
271	283	277	294	288	271	292	246	288	259	299	291	298	283	275	280	262	294	268	256
275	284	285	297	289	291	295	252	289	280	302	300	300	284	278	288	264	298	270	258
295	285	293	305	290	301	298	255	290	299	303	302	306	295	296	289	275	302	286	266
300	286	296	307	294	307	308	259	292	301	304	309	307	304	297	290	297	303	306	273
304	303	299	309	296	309	311	286	308	312	305	310	312	311	310	306	311	305	312	301

expected score
Categorical variables
UNIT
D3	0	2	0	0	0	0	2	0	0	0	0	0	0	0	2	0	0	0	0	0
D8	0	3	0	0	3	0	0	0	0	0	3	0	0	0	0	0	0	0	0	0
D12	0	0	0	3	3	0	0	0	3	0	0	0	0	0	0	0	0	0	0	0
D3b	0	0	0	0	0	0	0	0	2	0	0	0	0	0	2	2	0	0	0	0
D8b	0	0	0	0	0	0	0	0	3	0	0	0	0	0	0	0	0	0	3	3
D12b	0	0	0	0	0	0	0	0	0	0	0	0	0	0	0	3	0	0	3	3
D3c	0	0	0	0	0	0	0	0	0	0	0	0	0	2	2	0	0	2	0	0
D8c	0	0	0	0	0	0	0	0	0	0	0	0	0	0	0	0	3	3	3	0
D12c	0	0	0	0	0	0	0	3	3	0	3	0	0	0	0	0	0	0	0	0
D3d	0	0	0	2	2	0	0	0	0	0	0	0	0	0	0	0	2	0	0	0
D8d	0	0	3	0	0	0	3	0	0	0	0	0	0	0	0	0	0	0	3	0
D12d	0	0	0	0	0	0	0	0	0	3	3	0	0	3	0	0	0	0	0	0
D3e	0	0	0	0	0	0	2	0	2	0	0	0	0	0	0	0	0	2	0	0
D8e	0	3	0	0	0	0	0	3	0	0	0	0	0	0	0	0	0	0	3	0
D12e	0	3	0	0	0	0	0	0	0	0	0	0	0	0	0	0	0	3	0	3
D3f	2	0	0	0	2	0	0	0	0	0	0	0	0	0	0	0	0	2	0	0
D8f	0	3	0	0	0	3	0	0	0	0	0	3	0	0	0	0	0	0	0	0
D12f	0	0	0	3	0	3	0	0	0	0	0	0	0	0	0	0	0	0	0	3
D3g	0	0	0	2	0	0	0	0	0	0	0	0	0	0	0	0	2	0	0	2
D8g	0	0	3	3	3	0	0	0	0	0	0	0	0	0	0	0	0	0	0	0
D12g	0	3	0	0	0	0	0	0	0	0	0	0	3	0	0	3	0	0	0	0
D3h	0	2	2	0	0	0	2	0	0	0	0	0	0	0	0	0	0	0	0	0
D8h	0	3	0	0	0	0	0	0	0	0	0	3	0	3	0	0	0	0	0	0
D12h	0	0	0	0	3	0	0	0	3	0	0	0	0	0	0	3	0	0	0	0

DOMAIN
Numeri	17	8	12	10	9	9	12	13	7	9	11	16	10	11	18	11	14	12	11	15
Dati e previsioni	11	21	16	16	18	13	8	9	15	7	19	8	10	11	6	17	11	12	18	14
Spazio e figure	11	11	14	11	11	14	14	15	14	18	11	11	11	11	16	12	15	15	12	13
Relazioni e funzioni	7	6	4	9	8	10	12	9	10	12	5	11	15	13	6	6	6	7	5	4

DIMENSION
Conoscere	24	23	21	29	24	26	29	28	37	32	26	24	29	23	29	31	24	34	20	29
Risolvere problemi	14	21	22	14	16	14	11	11	8	9	17	15	11	15	14	13	18	12	19	10
Argomentare	8	2	3	3	6	6	6	7	1	5	3	7	6	8	3	2	4	0	7	7

Sum variables

Overlap matrix
	1	2	3	4	5	6	7	8	9	10	11	12	13	14	15	16	17	18	19	20
1	46	2	9	5	6	4	4	6	2	3	8	6	6	8	6	3	4	3	2	5
2	2	46	7	2	4	8	6	4	2	1	7	9	5	5	5	6	2	5	5	6
3	9	7	46	8	5	2	8	5	2	6	1	7	4	2	6	2	4	2	7	2
4	5	2	8	46	11	10	4	3	7	0	4	6	4	3	6	0	6	4	1	7
5	6	4	5	11	46	3	5	5	9	2	5	2	4	7	2	3	4	5	2	6
6	4	8	2	10	3	46	0	5	4	6	4	8	6	4	2	9	3	4	5	5
7	4	6	8	4	5	0	46	4	5	3	2	7	9	4	6	5	3	6	5	4
8	6	4	5	3	5	5	4	46	4	6	7	5	2	2	4	8	7	2	9	3
9	2	2	2	7	9	4	5	4	46	3	7	3	4	3	7	5	5	9	4	4
10	3	1	6	0	2	6	3	6	3	46	8	5	5	7	1	10	3	7	7	5
11	8	7	1	4	5	4	2	7	7	8	46	5	1	9	5	2	3	6	6	2
12	6	9	7	6	2	8	7	5	3	5	5	46	6	5	6	2	3	1	2	3
13	6	5	4	4	4	6	9	2	4	5	1	6	46	5	5	8	8	3	4	2
14	8	5	2	3	7	4	4	2	3	7	9	5	5	46	7	1	5	5	3	4
15	6	5	6	6	2	2	6	4	7	1	5	6	5	7	46	7	8	3	3	2
16	3	6	2	0	3	9	5	8	5	10	2	2	8	1	7	46	5	3	6	6
17	4	2	4	6	4	3	3	7	5	3	3	3	8	5	8	5	46	6	6	7
18	3	5	2	4	5	4	6	2	9	7	6	1	3	5	3	3	6	46	7	9
19	2	5	7	1	2	5	5	9	4	7	6	2	4	3	3	6	6	7	46	8
20	5	6	2	7	6	5	4	3	4	5	2	3	2	4	2	6	7	9	8	46

Item use
1	3.0
2	3.0
3	3.0
4	3.0
5	3.0
7	3.0
8	3.0
9	3.0
10	3.0
11	3.0
13	3.0
14	3.0
15	3.0
16	3.0
17	3.0
18	3.0
19	3.0
20	3.0
21	3.0
22	3.0
23	3.0
24	3.0
25	3.0
26	3.0
27	3.0
28	3.0
29	3.0
30	3.0
31	3.0
32	3.0
33	3.0
34	3.0
35	3.0
36	3.0
37	3.0
38	3.0
39	3.0
41	3.0
42	3.0
43	3.0
44	3.0
45	3.0
46	3.0
47	3.0
48	3.0
49	3.0
50	3.0
51	3.0
52	3.0
53	3.0
54	3.0
55	3.0
56	3.0
57	3.0
58	3.0
59	3.0
60	3.0
61	3.0
62	3.0
63	3.0
64	3.0
65	3.0
66	3.0
67	3.0
68	3.0
69	3.0
70	3.0
72	3.0
73	3.0
75	3.0
76	3.0
77	3.0
78	3.0
79	3.0
80	3.0
81	3.0
82	3.0
84	3.0
85	3.0
86	3.0
87	3.0
88	3.0
89	3.0
90	3.0
91	3.0
92	3.0
93	3.0
94	3.0
95	3.0
96	3.0
97	3.0
98	3.0
99	3.0
100	3.0
101	3.0
102	3.0
103	3.0
104	3.0
105	3.0
106	3.0
107	3.0
108	3.0
109	3.0
110	3.0
111	3.0
112	3.0
113	3.0
114	3.0
115	3.0
116	3.0
117	3.0
118	3.0
119	3.0
120	3.0
121	3.0
122	3.0
123	3.0
124	3.0
125	3.0
126	3.0
127	3.0
128	3.0
129	3.0
130	3.0
131	3.0
132	3.0
133	3.0
134	3.0
135	3.0
136	3.0
137	3.0
138	3.0
139	3.0
140	3.0
141	3.0
142	3.0
143	3.0
144	3.0
145	3.0
146	3.0
147	3.0
148	3.0
150	3.0
151	3.0
152	3.0
153	3.0
154	3.0
155	3.0
156	3.0
157	3.0
158	3.0
159	3.0
160	3.0
161	3.0
162	3.0
163	3.0
164	3.0
165	3.0
166	3.0
167	3.0
168	3.0
169	3.0
170	3.0
171	3.0
172	3.0
173	3.0
174	3.0
175	3.0
176	3.0
177	3.0
178	3.0
179	3.0
181	3.0
182	3.0
183	3.0
184	3.0
185	3.0
186	3.0
187	3.0
188	3.0
189	3.0
190	3.0
191	3.0
192	3.0
194	3.0
195	3.0
196	3.0
197	3.0
198	3.0
199	3.0
200	3.0
201	3.0
202	3.0
203	3.0
204	3.0
205	3.0
206	3.0
207	3.0
208	3.0
209	3.0
210	3.0
211	3.0
212	3.0
213	3.0
214	3.0
215	3.0
216	3.0
217	3.0
218	3.0
219	3.0
220	3.0
221	3.0
222	3.0
223	3.0
224	3.0
225	3.0
226	3.0
227	3.0
228	3.0
229	3.0
230	3.0
231	3.0
232	3.0
233	3.0
234	3.0
235	3.0
237	3.0
238	3.0
239	3.0
240	3.0
241	3.0
242	3.0
243	3.0
244	3.0
245	3.0
246	3.0
247	3.0
248	3.0
249	3.0
250	3.0
251	3.0
252	3.0
253	3.0
254	3.0
255	3.0
256	3.0
257	3.0
258	3.0
259	3.0
260	3.0
261	3.0
262	3.0
263	3.0
264	3.0
265	3.0
266	3.0
267	3.0
268	3.0
269	3.0
270	3.0
271	3.0
272	3.0
273	3.0
274	3.0
275	3.0
276	3.0
277	3.0
278	3.0
279	3.0
280	3.0
281	3.0
282	3.0
283	3.0
284	3.0
285	3.0
286	3.0
287	3.0
288	3.0
289	3.0
290	3.0
291	3.0
294	3.0
295	3.0
296	3.0
297	3.0
298	3.0
299	3.0
300	3.0
301	3.0
302	3.0
303	3.0
304	3.0
305	3.0
306	3.0
307	3.0
309	3.0
311	3.0
312	3.0
6	2.0
12	2.0
40	2.0
71	2.0
83	2.0
149	2.0
180	2.0
236	2.0
292	2.0
293	2.0
308	2.0
310	2.0
74	1.0
193	1.0
