Length
1	2	3	4	5	6	7	8	9	10	11	12	13	14	15	16	17	18	19	20
40	40	39	40	40	40	40	40	40	40	40	40	40	40	40	40	40	40	40	40

design
1	19	2	2	5	1	6	4	6	1	5	19	6	11	24	8	11	7	5	4
2	21	4	8	17	22	12	9	9	15	13	20	7	16	37	15	23	9	12	12
7	24	17	18	23	25	25	11	13	16	17	28	8	36	67	20	24	21	13	15
18	29	18	40	28	26	28	26	27	19	29	32	22	54	68	21	31	25	14	16
20	31	27	52	39	29	32	35	30	34	33	35	31	98	69	27	44	26	33	22
30	36	34	57	40	39	33	43	32	51	37	54	38	102	70	42	64	37	40	23
58	43	35	61	42	45	34	45	36	53	47	63	39	112	74	62	110	38	56	30
62	45	57	70	44	47	51	61	38	55	52	64	43	120	92	66	114	42	59	44
65	48	61	83	63	51	52	68	48	67	62	76	57	125	96	76	115	55	65	47
66	53	80	84	79	53	63	75	59	69	65	77	66	126	110	77	117	68	71	48
75	55	81	86	90	56	64	77	73	73	71	78	67	131	113	78	120	79	72	50
91	59	89	88	96	75	70	80	74	78	73	81	89	132	123	85	124	82	84	72
97	74	98	104	98	86	71	85	80	90	79	85	116	140	151	93	128	105	87	109
111	76	101	111	118	94	86	90	93	92	81	89	130	141	165	97	133	108	91	125
113	84	107	112	123	121	87	92	94	94	87	100	138	151	167	129	134	114	110	131
119	100	109	119	127	124	93	104	97	96	88	101	150	157	174	130	138	115	127	135
126	105	116	121	129	125	100	112	102	108	101	109	152	165	175	136	139	131	134	147
132	115	119	122	142	161	102	123	105	118	117	114	156	168	182	142	149	135	152	148
139	116	121	138	143	166	104	127	113	124	129	118	164	170	187	146	150	140	161	149
145	120	122	153	145	171	107	134	130	126	148	136	176	177	190	153	156	141	169	153
147	122	128	163	159	178	111	136	139	128	149	146	180	193	201	155	160	150	186	154
157	133	132	175	162	181	117	141	142	133	178	148	187	203	204	159	169	155	193	160
160	147	140	176	167	191	164	158	146	135	181	151	197	208	205	162	173	158	200	175
162	152	169	182	168	194	168	163	156	154	199	154	202	211	208	165	181	159	201	180
179	157	185	184	170	202	176	194	158	167	211	155	209	243	218	178	189	163	213	184
183	166	188	188	193	209	179	195	161	173	212	174	226	245	224	187	200	170	214	197
186	173	198	190	199	221	180	200	164	174	217	177	233	248	230	198	213	179	228	214
189	177	203	199	205	222	183	210	166	185	219	183	246	256	231	208	217	184	231	215
195	185	218	203	223	225	189	213	182	192	222	195	250	260	233	210	219	186	232	216
201	191	219	207	225	235	197	230	188	205	224	198	258	264	239	215	223	190	247	221
204	206	228	238	227	244	202	237	191	216	236	204	261	268	242	220	232	194	249	237
207	212	233	239	251	246	207	241	241	221	242	206	262	273	259	231	234	206	252	244
222	215	243	246	254	249	218	251	251	236	243	210	265	276	260	235	236	209	253	247
235	220	248	255	264	253	238	254	252	245	244	216	279	282	268	237	249	211	259	252
242	247	255	256	272	261	239	255	253	254	261	220	284	283	271	238	250	212	270	260
245	250	264	269	275	263	257	257	265	266	270	224	285	285	274	275	258	214	272	262
256	257	265	279	280	272	262	271	266	273	281	228	286	293	280	278	273	230	274	275
266	258	291	287	288	283	274	277	277	277	282	268	287	296	285	279	278	271	284	276
270	259	294	297	289	284	288	287	280	283	286	278	297	297	289	281	296	282	290	290
293	299	0	298	294	295	298	294	290	293	289	288	299	300	298	286	299	296	300	300

expected score
1.0	0.662

2.0	0.628

3.0	0.605

4.0	0.612

5.0	0.611

6.0	0.626

7.0	0.621

8.0	0.609

9.0	0.615

10.0	0.608

11.0	0.618

12.0	0.61

13.0	0.625

14.0	0.641

15.0	0.612

16.0	0.599

17.0	0.623

18.0	0.64

19.0	0.633

20.0	0.609

Categorical variables
Unit
U12	3	0	3	3	0	0	0	0	0	0	0	0	0	0	0	0	0	0	0	0
U10	0	0	0	0	2	0	0	0	0	0	0	0	0	0	0	0	2	0	0	2
U5	0	0	0	0	3	0	3	0	0	0	0	3	0	0	0	0	0	0	0	0
U4	0	3	0	0	0	0	0	0	0	0	0	0	3	0	0	0	3	0	0	0
U11	0	0	0	0	0	0	3	0	0	0	3	0	0	0	0	0	0	0	3	0
U8	0	0	0	0	0	0	0	3	0	0	0	0	0	0	3	0	0	3	0	0
U2	0	0	0	3	0	0	3	0	0	0	0	0	0	0	3	0	0	0	0	0
U1	0	0	0	0	0	0	0	3	0	0	0	3	0	0	0	3	0	0	0	0
U3	0	0	0	0	3	0	0	0	0	3	0	0	0	0	3	0	0	0	0	0
U9	3	0	0	0	0	0	0	0	0	3	0	0	0	3	0	0	0	0	0	0
U6	0	0	0	0	0	0	0	3	0	0	0	0	0	0	0	0	3	0	3	0
U7	0	0	0	0	0	0	3	0	0	0	0	0	3	0	0	0	0	0	0	3

Domain
Numbers	9	6	15	13	10	13	14	14	9	13	10	12	12	14	10	11	11	10	10	8
Space and Figures	13	12	13	10	13	9	13	9	8	7	14	17	11	10	5	13	11	10	7	11
Data and Forecasting	12	14	8	8	12	13	10	11	10	10	11	7	8	13	16	9	9	14	16	16
Relations and Functions	6	8	3	9	5	5	3	6	13	10	5	4	9	3	9	7	9	6	7	5

Dimension
Knowing	30	25	28	32	28	23	30	25	27	27	23	30	22	27	25	28	23	26	29	23
Problem Solving	6	9	8	5	7	11	6	9	12	7	15	7	14	9	7	7	13	10	7	10
Arguing	4	6	3	3	5	6	4	6	1	6	2	3	4	4	8	5	4	4	4	7

Answer_type
Multiple-Choice	32	25	27	25	29	27	24	28	34	30	32	36	29	27	34	31	30	26	27	27
Matching	6	11	7	8	6	6	10	8	4	7	4	3	9	8	3	5	7	8	6	4
Open-Ended	2	4	5	7	5	7	6	4	2	3	4	1	2	5	3	4	3	6	7	9

Sum variables

Overlap matrix
	1	2	3	4	5	6	7	8	9	10	11	12	13	14	15	16	17	18	19	20
1	40	2	4	6	2	4	5	2	5	5	5	4	2	6	4	6	3	3	5	3
2	2	40	3	2	0	5	2	3	7	6	2	6	7	4	3	4	9	6	5	4
3	4	3	39	10	4	1	3	6	4	3	5	7	5	7	2	2	3	1	2	2
4	6	2	10	40	2	3	10	6	2	0	3	0	8	4	6	4	1	3	2	3
5	2	0	4	2	40	3	4	6	3	6	6	4	1	5	6	6	3	4	5	3
6	4	5	1	3	3	40	4	4	5	7	7	0	7	2	0	2	3	4	6	5
7	5	2	3	10	4	4	40	2	5	2	5	7	7	2	5	2	3	2	5	4
8	2	3	6	6	6	4	2	40	6	4	0	6	2	3	5	5	4	9	4	2
9	5	7	4	2	3	5	5	6	40	4	2	2	6	2	4	6	2	4	6	4
10	5	6	3	0	6	7	2	4	4	40	2	6	1	6	7	2	6	3	0	6
11	5	2	5	3	6	7	5	0	2	2	40	4	2	3	4	5	6	5	7	4
12	4	6	7	0	4	0	7	6	2	6	4	40	1	4	5	12	3	3	1	4
13	2	7	5	8	1	7	7	2	6	1	2	1	40	2	4	6	7	4	2	4
14	6	4	7	4	5	2	2	3	2	6	3	4	2	40	6	2	4	7	2	6
15	4	3	2	6	6	0	5	5	4	7	4	5	4	6	40	4	2	5	5	2
16	6	4	2	4	6	2	2	5	6	2	5	12	6	2	4	40	1	4	1	5
17	3	9	3	1	3	3	3	4	2	6	6	3	7	4	2	1	40	4	7	4
18	3	6	1	3	4	4	2	9	4	3	5	3	4	7	5	4	4	40	2	4
19	5	5	2	2	5	6	5	4	6	0	7	1	2	2	5	1	7	2	40	7
20	3	4	2	3	3	5	4	2	4	6	4	4	4	6	2	5	4	4	7	40

Item use
1	3.0
2	3.0
4	3.0
5	3.0
6	3.0
7	3.0
8	3.0
9	3.0
11	3.0
12	3.0
13	3.0
15	3.0
16	3.0
17	3.0
18	3.0
19	3.0
20	3.0
21	3.0
22	3.0
23	3.0
24	3.0
25	3.0
26	3.0
27	3.0
28	3.0
29	3.0
30	3.0
31	3.0
32	3.0
33	3.0
34	3.0
35	3.0
36	3.0
37	3.0
38	3.0
39	3.0
40	3.0
42	3.0
43	3.0
44	3.0
45	3.0
47	3.0
48	3.0
51	3.0
52	3.0
53	3.0
55	3.0
57	3.0
59	3.0
61	3.0
62	3.0
63	3.0
64	3.0
65	3.0
66	3.0
67	3.0
68	3.0
70	3.0
71	3.0
73	3.0
74	3.0
75	3.0
76	3.0
77	3.0
78	3.0
79	3.0
80	3.0
81	3.0
84	3.0
85	3.0
86	3.0
87	3.0
89	3.0
90	3.0
92	3.0
93	3.0
94	3.0
96	3.0
97	3.0
98	3.0
100	3.0
101	3.0
102	3.0
104	3.0
105	3.0
109	3.0
110	3.0
111	3.0
112	3.0
113	3.0
114	3.0
115	3.0
116	3.0
117	3.0
118	3.0
119	3.0
120	3.0
121	3.0
122	3.0
123	3.0
124	3.0
125	3.0
126	3.0
127	3.0
128	3.0
129	3.0
130	3.0
131	3.0
132	3.0
133	3.0
134	3.0
135	3.0
136	3.0
138	3.0
139	3.0
140	3.0
141	3.0
142	3.0
146	3.0
147	3.0
148	3.0
149	3.0
150	3.0
151	3.0
152	3.0
153	3.0
154	3.0
155	3.0
156	3.0
157	3.0
158	3.0
159	3.0
160	3.0
161	3.0
162	3.0
163	3.0
164	3.0
165	3.0
166	3.0
167	3.0
168	3.0
169	3.0
170	3.0
173	3.0
174	3.0
175	3.0
176	3.0
177	3.0
178	3.0
179	3.0
180	3.0
181	3.0
182	3.0
183	3.0
184	3.0
185	3.0
186	3.0
187	3.0
188	3.0
189	3.0
190	3.0
191	3.0
193	3.0
194	3.0
195	3.0
197	3.0
198	3.0
199	3.0
200	3.0
201	3.0
202	3.0
203	3.0
204	3.0
205	3.0
206	3.0
207	3.0
208	3.0
209	3.0
210	3.0
211	3.0
212	3.0
213	3.0
214	3.0
215	3.0
216	3.0
218	3.0
219	3.0
220	3.0
221	3.0
222	3.0
224	3.0
228	3.0
230	3.0
231	3.0
233	3.0
235	3.0
236	3.0
237	3.0
238	3.0
239	3.0
242	3.0
243	3.0
244	3.0
245	3.0
246	3.0
247	3.0
249	3.0
250	3.0
251	3.0
252	3.0
253	3.0
254	3.0
255	3.0
256	3.0
257	3.0
258	3.0
259	3.0
260	3.0
261	3.0
262	3.0
264	3.0
265	3.0
266	3.0
268	3.0
270	3.0
271	3.0
272	3.0
273	3.0
274	3.0
275	3.0
277	3.0
278	3.0
279	3.0
280	3.0
282	3.0
283	3.0
284	3.0
285	3.0
286	3.0
287	3.0
288	3.0
289	3.0
290	3.0
293	3.0
294	3.0
296	3.0
297	3.0
298	3.0
299	3.0
300	3.0
54	2.0
56	2.0
69	2.0
72	2.0
88	2.0
91	2.0
107	2.0
108	2.0
145	2.0
217	2.0
223	2.0
225	2.0
232	2.0
241	2.0
248	2.0
276	2.0
281	2.0
14	1.0
50	1.0
58	1.0
82	1.0
83	1.0
143	1.0
171	1.0
192	1.0
226	1.0
227	1.0
234	1.0
263	1.0
269	1.0
291	1.0
295	1.0
3	0.0
10	0.0
41	0.0
46	0.0
49	0.0
60	0.0
95	0.0
99	0.0
103	0.0
106	0.0
137	0.0
144	0.0
172	0.0
196	0.0
229	0.0
240	0.0
267	0.0
292	0.0
