Length
1	2	3	4	5	6	7	8	9	10	11	12	13	14	15	16	17	18	19	20
40	44	42	43	43	43	40	40	41	40	40	40	40	41	40	40	40	40	40	40

design
14	2	7	1	1	6	3	9	1	13	24	8	2	26	5	22	6	2	5	15
21	20	12	7	3	23	4	10	3	14	32	24	20	33	9	27	7	19	6	16
26	22	14	8	4	25	5	11	4	15	35	27	28	45	10	29	27	20	13	17
34	25	18	12	26	41	23	12	8	16	38	31	30	48	11	35	39	25	32	18
36	31	24	15	34	42	42	18	9	17	40	36	39	49	21	40	45	32	41	47
44	38	29	16	36	43	43	29	10	19	46	38	58	50	35	41	54	37	42	48
47	46	31	17	53	52	62	62	11	28	58	44	60	60	47	44	55	57	43	49
51	52	37	19	61	64	65	76	13	30	59	51	74	66	51	93	56	63	46	50
53	53	52	33	62	67	81	77	22	45	65	54	79	73	57	94	64	65	54	63
68	59	57	40	67	72	82	78	23	60	75	55	104	77	67	95	73	71	55	72
70	61	58	48	68	84	100	87	28	73	80	56	109	79	97	99	74	85	56	76
104	68	63	49	69	96	107	88	30	83	85	59	111	86	100	106	79	97	75	78
117	69	84	50	70	101	111	89	33	87	101	66	116	91	107	112	85	105	81	90
130	70	87	64	71	103	119	90	37	88	105	71	118	110	124	123	91	106	82	93
155	76	88	80	83	104	129	93	39	89	116	90	125	120	137	144	110	109	84	94
158	77	89	81	102	113	142	94	66	91	129	101	138	121	147	148	111	114	113	95
183	78	92	82	118	117	158	95	74	92	131	106	139	122	158	150	113	117	114	97
185	100	112	86	125	122	159	98	80	99	136	108	140	135	162	152	114	137	119	98
195	116	119	96	138	131	160	103	83	105	137	118	143	139	163	157	115	145	131	102
198	120	123	102	141	150	163	107	96	112	140	120	144	147	165	164	122	150	142	103
199	121	132	123	143	151	165	108	108	115	153	121	149	149	166	174	135	156	151	115
203	125	133	129	147	156	166	124	109	126	155	136	153	155	167	176	136	169	154	124
210	130	134	144	168	159	167	126	110	127	169	157	154	157	171	177	142	176	165	126
211	141	148	151	170	160	188	127	132	128	186	168	161	168	172	181	145	178	166	127
212	163	152	159	174	170	193	128	133	132	191	189	180	192	173	185	153	194	167	128
214	169	164	160	180	171	201	139	134	133	196	192	182	197	181	186	175	196	175	146
216	170	175	176	181	172	217	148	138	134	200	193	222	200	186	189	179	198	183	152
220	174	177	192	204	173	227	162	140	145	202	216	226	201	188	194	187	199	190	162
236	180	178	208	205	177	234	184	149	171	207	219	230	216	204	202	196	200	191	164
257	203	185	228	206	178	237	195	154	172	209	229	233	219	205	209	197	204	201	183
259	210	188	231	235	189	238	198	156	173	213	231	240	229	206	213	203	205	202	184
262	211	194	232	237	190	242	199	161	179	215	232	241	230	207	225	208	206	210	190
266	212	233	239	238	195	246	215	179	184	221	235	252	232	215	230	221	214	211	191
269	218	242	248	243	247	253	218	187	187	224	276	266	235	228	243	222	219	212	207
288	220	243	257	244	248	254	225	214	197	225	277	276	241	237	244	223	224	217	218
289	221	244	276	245	249	260	228	222	208	234	282	277	282	238	245	226	229	224	220
290	249	245	277	253	250	267	239	226	223	240	283	282	283	240	248	231	242	227	249
297	250	247	288	256	251	293	246	233	227	246	284	283	284	255	271	234	247	239	250
302	251	265	289	259	254	294	255	241	304	265	308	284	292	257	275	309	267	254	251
311	252	280	290	260	262	306	297	252	310	267	311	310	302	306	304	312	296	299	265
0	253	291	294	288	278	0	0	301	0	0	0	0	309	0	0	0	0	0	0
0	255	299	307	289	286	0	0	0	0	0	0	0	0	0	0	0	0	0	0
0	261	0	312	290	306	0	0	0	0	0	0	0	0	0	0	0	0	0	0
0	311	0	0	0	0	0	0	0	0	0	0	0	0	0	0	0	0	0	0

expected score
Categorical variables
UNIT
D3	0	0	0	0	2	0	2	0	2	0	0	0	0	0	0	0	0	0	0	0
D8	0	0	0	0	0	0	0	3	3	0	0	0	0	0	3	0	0	0	0	0
D12	0	0	0	3	0	0	0	0	0	3	0	0	0	0	0	0	0	0	0	3
D3b	0	0	0	0	0	2	2	0	0	0	0	0	0	0	0	0	0	0	2	0
D8b	0	0	0	3	0	0	0	0	0	0	0	0	0	3	0	0	0	0	0	3
D12b	0	0	0	0	0	0	0	0	0	0	0	3	0	0	0	0	3	0	3	0
D3c	0	0	0	2	0	0	2	0	0	0	0	0	0	0	0	0	0	0	2	0
D8c	0	0	3	0	0	0	0	3	0	3	0	0	0	0	0	0	0	0	0	0
D12c	0	0	0	0	0	0	0	3	0	0	0	0	0	0	0	3	0	0	0	3
D3d	0	2	0	0	0	0	0	0	0	0	0	2	0	2	0	0	0	0	0	0
D8d	0	0	0	0	0	0	0	3	0	3	0	0	0	0	0	0	0	0	0	3
D12d	0	0	3	0	0	0	0	0	3	3	0	0	0	0	0	0	0	0	0	0
D3e	0	0	0	2	0	2	2	0	0	0	0	0	0	0	0	0	0	0	0	0
D8e	0	0	0	0	0	0	3	0	0	0	0	0	0	0	3	0	0	0	3	0
D12e	0	0	0	0	0	3	0	0	0	3	0	0	0	0	3	0	0	0	0	0
D3f	2	0	0	0	0	0	0	2	0	0	0	0	0	0	0	0	0	2	0	0
D8f	0	0	0	0	3	0	0	0	0	0	0	0	0	0	3	0	0	3	0	0
D12f	3	3	0	0	0	0	0	0	0	0	0	0	0	0	0	0	0	0	3	0
D3g	0	0	0	0	2	0	2	0	0	0	0	0	0	0	2	0	0	0	0	0
D8g	0	0	3	0	3	0	0	0	0	0	0	0	0	0	0	3	0	0	0	0
D12g	0	3	0	0	0	3	0	0	0	0	0	0	0	0	0	0	0	0	0	3
D3h	0	0	0	2	0	0	0	0	0	0	0	2	2	0	0	0	0	0	0	0
D8h	0	0	0	0	0	0	0	0	0	0	0	3	3	3	0	0	0	0	0	0
D12h	3	0	0	3	3	0	0	0	0	0	0	0	0	0	0	0	0	0	0	0

DOMAIN
Numeri	8	13	10	9	13	4	8	13	5	2	18	15	10	14	10	10	8	10	8	7
Dati e previsioni	10	9	11	14	11	15	11	17	15	23	4	11	9	9	17	12	9	10	12	20
Spazio e figure	13	13	13	13	11	15	16	7	12	10	12	9	14	11	8	9	15	13	13	7
Relazioni e funzioni	9	9	8	7	8	9	5	3	9	5	6	5	7	7	5	9	8	7	7	6

DIMENSION
Conoscere	27	28	25	28	28	23	24	21	25	20	25	25	24	22	20	25	25	18	24	23
Risolvere problemi	10	13	12	10	11	16	15	17	14	16	12	10	12	13	18	11	10	18	10	12
Argomentare	3	3	5	5	4	4	1	2	2	4	3	5	4	6	2	4	5	4	6	5

Sum variables

Overlap matrix
	1	2	3	4	5	6	7	8	9	10	11	12	13	14	15	16	17	18	19	20
1	40	10	2	4	10	4	1	4	1	1	1	5	2	4	5	2	1	4	4	3
2	10	44	2	0	11	6	3	5	2	0	6	6	6	3	3	2	2	4	4	7
3	2	2	42	3	3	5	3	7	5	9	3	2	2	0	2	12	2	7	4	5
4	4	0	3	43	5	6	6	3	5	5	3	6	3	7	2	5	5	2	4	7
5	10	11	3	5	43	2	7	1	5	1	0	5	5	4	8	5	0	4	0	1
6	4	6	5	6	2	43	7	2	3	3	2	2	1	1	5	5	4	6	10	6
7	1	3	3	6	7	7	40	3	3	1	5	1	1	1	12	0	3	3	14	0
8	4	5	7	3	1	2	3	40	4	7	3	2	1	2	9	6	0	2	1	16
9	1	2	5	5	5	3	3	4	41	9	2	3	15	5	3	1	7	4	2	0
10	1	0	9	5	1	3	1	7	9	40	1	0	4	5	3	3	10	3	2	8
11	1	6	3	3	0	2	5	3	2	1	40	5	5	2	6	7	6	10	7	3
12	5	6	2	6	5	2	1	2	3	0	5	40	6	14	1	5	6	4	3	1
13	2	6	2	3	5	1	1	1	15	4	5	6	40	9	1	2	7	3	1	0
14	4	3	0	7	4	1	1	2	5	5	2	14	9	41	1	2	9	3	1	3
15	5	3	2	2	8	5	12	9	3	3	6	1	1	1	40	3	0	6	4	5
16	2	2	12	5	5	5	0	6	1	3	7	5	2	2	3	40	1	4	2	5
17	1	2	2	5	0	4	3	0	7	10	6	6	7	9	0	1	40	4	8	1
18	4	4	7	2	4	6	3	2	4	3	10	4	3	3	6	4	4	40	3	2
19	4	4	4	4	0	10	14	1	2	2	7	3	1	1	4	2	8	3	40	3
20	3	7	5	7	1	6	0	16	0	8	3	1	0	3	5	5	1	2	3	40

Item use
1	3.0
2	3.0
3	3.0
4	3.0
5	3.0
6	3.0
7	3.0
8	3.0
9	3.0
10	3.0
11	3.0
12	3.0
13	3.0
14	3.0
15	3.0
16	3.0
17	3.0
18	3.0
19	3.0
20	3.0
22	3.0
23	3.0
24	3.0
25	3.0
26	3.0
27	3.0
28	3.0
29	3.0
30	3.0
31	3.0
32	3.0
33	3.0
35	3.0
36	3.0
37	3.0
38	3.0
39	3.0
40	3.0
41	3.0
42	3.0
43	3.0
44	3.0
45	3.0
46	3.0
47	3.0
48	3.0
49	3.0
50	3.0
51	3.0
52	3.0
53	3.0
54	3.0
55	3.0
56	3.0
57	3.0
58	3.0
59	3.0
60	3.0
62	3.0
63	3.0
64	3.0
65	3.0
66	3.0
67	3.0
68	3.0
70	3.0
71	3.0
73	3.0
74	3.0
76	3.0
77	3.0
78	3.0
79	3.0
80	3.0
81	3.0
82	3.0
83	3.0
84	3.0
85	3.0
87	3.0
88	3.0
89	3.0
90	3.0
91	3.0
93	3.0
94	3.0
95	3.0
96	3.0
97	3.0
100	3.0
101	3.0
102	3.0
103	3.0
104	3.0
105	3.0
106	3.0
107	3.0
108	3.0
109	3.0
110	3.0
111	3.0
112	3.0
113	3.0
114	3.0
115	3.0
116	3.0
117	3.0
118	3.0
119	3.0
120	3.0
121	3.0
122	3.0
123	3.0
124	3.0
125	3.0
126	3.0
127	3.0
128	3.0
129	3.0
131	3.0
132	3.0
133	3.0
134	3.0
136	3.0
137	3.0
138	3.0
139	3.0
140	3.0
142	3.0
144	3.0
145	3.0
147	3.0
148	3.0
149	3.0
150	3.0
151	3.0
152	3.0
153	3.0
154	3.0
155	3.0
156	3.0
157	3.0
158	3.0
159	3.0
160	3.0
162	3.0
163	3.0
164	3.0
165	3.0
166	3.0
167	3.0
168	3.0
169	3.0
170	3.0
171	3.0
172	3.0
173	3.0
174	3.0
175	3.0
176	3.0
177	3.0
178	3.0
179	3.0
180	3.0
181	3.0
183	3.0
184	3.0
185	3.0
186	3.0
187	3.0
188	3.0
189	3.0
190	3.0
191	3.0
192	3.0
194	3.0
195	3.0
196	3.0
197	3.0
198	3.0
199	3.0
200	3.0
201	3.0
202	3.0
203	3.0
204	3.0
205	3.0
206	3.0
207	3.0
208	3.0
210	3.0
211	3.0
212	3.0
214	3.0
215	3.0
216	3.0
218	3.0
219	3.0
220	3.0
221	3.0
222	3.0
224	3.0
225	3.0
226	3.0
227	3.0
228	3.0
229	3.0
230	3.0
231	3.0
232	3.0
233	3.0
234	3.0
235	3.0
237	3.0
238	3.0
239	3.0
240	3.0
241	3.0
242	3.0
243	3.0
244	3.0
245	3.0
246	3.0
247	3.0
248	3.0
249	3.0
250	3.0
251	3.0
252	3.0
253	3.0
254	3.0
255	3.0
257	3.0
265	3.0
267	3.0
276	3.0
277	3.0
282	3.0
283	3.0
284	3.0
288	3.0
289	3.0
290	3.0
306	3.0
311	3.0
21	2.0
34	2.0
61	2.0
69	2.0
72	2.0
75	2.0
86	2.0
92	2.0
98	2.0
99	2.0
130	2.0
135	2.0
141	2.0
143	2.0
161	2.0
193	2.0
209	2.0
213	2.0
217	2.0
223	2.0
259	2.0
260	2.0
262	2.0
266	2.0
294	2.0
297	2.0
299	2.0
302	2.0
304	2.0
309	2.0
310	2.0
312	2.0
146	1.0
182	1.0
236	1.0
256	1.0
261	1.0
269	1.0
271	1.0
275	1.0
278	1.0
280	1.0
286	1.0
291	1.0
292	1.0
293	1.0
296	1.0
301	1.0
307	1.0
308	1.0
258	0.0
263	0.0
264	0.0
268	0.0
270	0.0
272	0.0
273	0.0
274	0.0
279	0.0
281	0.0
285	0.0
287	0.0
295	0.0
298	0.0
300	0.0
303	0.0
305	0.0
