Length
1	2	3	4	5	6	7	8	9	10	11	12	13	14	15	16	17	18	19	20
47	46	48	45	45	45	45	45	48	47	47	48	46	48	45	47	48	45	45	45

design
1	3	3	15	6	14	14	5	1	12	7	24	5	3	5	2	1	2	8	7
9	4	4	16	7	19	27	6	2	21	22	26	15	4	23	13	8	8	13	13
10	6	12	17	9	24	28	21	22	27	25	32	16	15	25	18	31	14	20	18
11	9	18	31	10	29	47	26	28	30	31	42	17	16	29	21	32	23	25	22
23	10	19	38	11	36	66	36	34	52	51	43	19	17	30	24	35	34	30	34
26	11	20	39	33	40	77	60	53	62	58	58	20	32	38	28	39	38	33	41
27	12	29	40	52	52	79	69	59	69	61	63	36	33	46	35	45	40	39	58
45	48	37	41	57	69	84	70	65	71	71	64	44	44	60	37	47	45	41	61
64	49	42	46	68	77	93	79	67	73	85	73	63	53	62	57	48	51	47	63
66	50	43	59	72	78	94	90	74	102	87	99	85	54	72	62	49	53	54	67
71	83	44	66	75	84	95	108	78	106	88	100	104	55	75	74	50	54	55	68
75	98	46	68	79	93	107	112	81	110	89	103	114	56	104	76	51	55	56	73
92	103	48	77	97	94	110	126	82	116	91	105	120	60	118	86	74	56	57	76
98	104	49	80	107	95	112	127	90	117	100	108	121	67	124	90	76	61	65	81
101	106	50	83	109	96	126	128	100	119	111	111	124	116	130	96	80	64	70	82
106	114	59	85	141	108	127	132	103	123	113	119	139	118	132	99	83	65	93	91
115	122	81	91	142	109	128	133	110	125	125	123	142	120	133	102	84	70	94	92
124	129	82	97	147	114	130	134	116	143	143	131	152	121	134	112	87	72	95	101
129	131	86	99	150	117	138	144	117	150	145	136	159	131	136	132	88	80	109	144
157	135	87	101	151	119	153	146	122	154	154	140	160	135	137	133	89	86	120	146
159	153	88	105	158	126	155	150	129	156	168	149	165	137	140	134	92	102	121	158
160	161	89	122	162	127	169	155	140	165	170	157	166	148	149	149	105	113	139	174
168	163	96	139	164	128	185	161	141	166	175	179	167	154	157	151	125	138	143	180
176	191	97	145	165	135	187	171	148	167	182	189	194	178	158	164	136	141	162	184
177	196	98	155	166	142	190	172	152	178	189	201	200	182	184	171	147	151	164	194
181	210	107	168	167	145	217	173	153	181	191	202	204	193	186	172	159	174	170	197
191	211	111	169	169	146	229	183	156	183	192	207	205	195	188	173	160	176	171	208
193	212	118	177	170	147	243	186	163	190	210	214	206	198	202	180	180	177	172	209
197	223	123	179	174	148	244	187	179	195	211	220	207	199	204	183	182	187	173	213
200	230	130	185	175	176	245	190	184	201	212	225	216	217	205	186	193	194	175	225
201	237	137	214	189	181	246	195	188	203	218	227	219	220	206	188	203	196	178	227
213	238	138	240	202	197	247	196	192	208	222	229	224	222	215	192	216	198	217	228
215	246	144	243	203	198	252	204	210	221	223	230	233	224	226	200	223	199	221	235
219	247	156	244	208	199	254	205	211	231	233	235	259	228	239	227	230	207	226	236
232	258	161	245	216	214	260	206	212	232	252	240	264	234	241	234	236	222	258	242
237	262	162	257	219	231	268	209	213	239	253	243	267	254	248	246	237	241	262	249
238	272	163	259	224	234	272	221	218	249	258	244	269	255	256	247	238	268	265	250
253	275	185	260	228	242	273	226	220	250	259	245	274	257	263	252	240	282	279	251
267	276	209	261	229	255	282	233	225	251	263	248	278	269	265	256	248	283	281	255
269	277	215	266	231	275	283	241	239	253	271	249	288	274	287	262	254	284	295	263
270	280	235	274	242	282	284	260	266	256	273	250	289	279	292	270	264	287	297	276
275	281	236	285	268	283	298	265	288	257	278	251	290	293	299	271	267	292	301	277
276	286	261	301	280	284	299	278	289	261	285	266	294	300	300	280	270	296	302	285
277	287	281	307	291	307	302	295	290	264	291	273	297	303	304	294	271	306	307	294
291	302	288	308	301	312	304	305	298	286	292	296	298	305	310	295	272	310	311	296
293	305	289	0	0	0	0	0	299	293	297	300	312	309	0	308	279	0	0	0
312	0	290	0	0	0	0	0	304	308	303	303	0	310	0	309	286	0	0	0
0	0	306	0	0	0	0	0	311	0	0	306	0	311	0	0	309	0	0	0

expected score
1.0	0.6

2.0	0.617

3.0	0.611

4.0	0.632

5.0	0.537

6.0	0.586

7.0	0.609

8.0	0.618

9.0	0.645

10.0	0.592

11.0	0.572

12.0	0.586

13.0	0.615

14.0	0.619

15.0	0.587

16.0	0.572

17.0	0.569

18.0	0.61

19.0	0.636

20.0	0.582

Categorical variables
UNIT
D3	0	2	2	0	0	0	0	0	0	0	0	0	0	2	0	0	0	0	0	0
D8	3	3	0	0	3	0	0	0	0	0	0	0	0	0	0	0	0	0	0	0
D12	0	0	0	3	0	0	0	0	0	0	0	0	3	3	0	0	0	0	0	0
D3b	0	0	2	0	0	0	0	0	0	0	0	2	0	0	0	0	0	0	0	0
D8b	0	3	3	0	0	0	0	0	0	0	0	0	0	0	0	0	3	0	0	0
D12b	0	0	0	0	0	0	0	0	0	0	0	0	0	3	0	0	0	3	3	0
D3c	0	0	2	0	0	0	0	0	2	0	0	0	0	0	0	0	0	0	0	2
D8c	0	0	3	0	0	0	0	0	0	0	3	0	0	0	0	0	3	0	0	0
D12c	0	0	0	0	0	3	3	0	0	0	0	0	0	0	0	0	0	0	3	0
D3d	0	0	0	0	0	0	0	0	0	0	0	0	2	2	0	0	0	0	2	0
D8d	0	0	0	0	0	3	3	3	0	0	0	0	0	0	0	0	0	0	0	0
D12d	0	0	0	0	0	0	0	3	0	0	0	0	0	0	3	3	0	0	0	0
D3e	2	0	0	0	0	0	0	0	0	0	0	0	2	0	0	0	2	0	0	0
D8e	0	0	0	0	3	0	0	0	0	3	0	0	3	0	0	0	0	0	0	0
D12e	0	0	0	0	0	0	0	3	0	0	0	0	0	0	0	3	0	0	3	0
D3f	0	0	0	0	0	2	0	0	0	0	0	0	0	2	0	0	0	2	0	0
D8f	0	0	0	0	0	0	0	3	0	0	0	0	3	0	3	0	0	0	0	0
D12f	0	3	0	0	0	0	0	0	3	0	3	0	0	0	0	0	0	0	0	0
D3g	2	2	0	0	0	0	0	0	0	0	0	0	0	0	0	0	2	0	0	0
D8g	0	0	0	3	0	0	3	0	0	0	0	3	0	0	0	0	0	0	0	0
D12g	0	0	0	0	0	0	0	0	0	3	0	3	0	0	0	0	0	0	0	3
D3h	2	2	0	0	0	0	0	0	0	0	0	0	0	0	0	0	0	0	0	2
D8h	0	0	0	0	0	3	3	0	0	0	0	0	0	0	0	0	0	3	0	0
D12h	0	0	3	0	0	0	0	0	3	0	0	0	3	0	0	0	0	0	0	0

DOMAIN
Numeri	13	11	13	12	11	13	12	12	12	12	12	12	13	13	11	11	13	11	12	11
Dati e previsioni	12	13	13	13	13	13	13	13	13	13	13	13	13	13	13	13	13	13	13	13
Spazio e figure	13	13	13	13	13	13	13	13	13	13	13	12	13	13	13	12	13	13	13	13
Relazioni e funzioni	9	9	9	7	8	6	7	7	10	9	9	11	7	9	8	11	9	8	7	8

DIMENSION
Conoscere	26	28	29	22	21	27	19	30	30	23	31	22	30	33	28	32	28	25	32	26
Risolvere problemi	16	16	15	18	17	15	19	10	16	16	13	17	13	12	16	9	14	13	8	14
Argomentare	5	2	4	5	7	3	7	5	2	8	3	9	3	3	1	6	6	7	5	5

Sum variables

Overlap matrix
	1	2	3	4	5	6	7	8	9	10	11	12	13	14	15	16	17	18	19	20
1	47	12	2	4	6	5	2	1	3	8	5	4	8	3	5	2	10	5	0	6
2	12	46	10	2	5	3	5	4	8	3	6	3	2	5	2	4	10	2	4	2
3	2	10	48	5	3	3	4	3	8	4	4	6	6	5	6	4	7	3	3	7
4	4	2	5	45	4	5	9	2	4	3	7	9	7	5	2	2	6	4	5	5
5	6	5	3	4	45	6	5	3	1	8	5	3	7	3	4	4	3	5	8	7
6	5	3	3	5	6	45	12	7	3	6	1	4	5	6	1	3	2	8	5	4
7	2	5	4	9	5	12	45	9	6	3	2	5	1	2	3	5	4	7	6	0
8	1	4	3	2	3	7	9	45	1	7	2	2	7	3	12	12	0	4	8	3
9	3	8	8	4	1	3	6	1	48	5	7	7	5	6	6	6	2	5	2	8
10	8	3	4	3	8	6	3	7	5	47	5	7	4	6	4	6	4	1	4	5
11	5	6	4	7	5	1	2	2	7	5	47	6	5	4	3	3	9	5	6	7
12	4	3	6	9	3	4	5	2	7	7	6	48	2	5	7	4	6	4	0	10
13	8	2	6	7	7	5	1	7	5	4	5	2	46	9	6	2	5	2	5	3
14	3	5	5	5	3	6	2	3	6	6	4	5	9	48	5	2	6	8	10	3
15	5	2	6	2	4	1	3	12	6	4	3	7	6	5	45	8	2	7	4	3
16	2	4	4	2	4	3	5	12	6	6	3	4	2	2	8	47	7	4	8	6
17	10	10	7	6	3	2	4	0	2	4	9	6	5	6	2	7	48	4	4	4
18	5	2	3	4	5	8	7	4	5	1	5	4	2	8	7	4	4	45	6	5
19	0	4	3	5	8	5	6	8	2	4	6	0	5	10	4	8	4	6	45	2
20	6	2	7	5	7	4	0	3	8	5	7	10	3	3	3	6	4	5	2	45

Item use
1	3.0
2	3.0
3	3.0
4	3.0
5	3.0
6	3.0
7	3.0
8	3.0
9	3.0
10	3.0
11	3.0
12	3.0
13	3.0
14	3.0
15	3.0
16	3.0
17	3.0
18	3.0
19	3.0
20	3.0
21	3.0
22	3.0
23	3.0
24	3.0
25	3.0
26	3.0
27	3.0
28	3.0
29	3.0
30	3.0
31	3.0
32	3.0
33	3.0
34	3.0
36	3.0
38	3.0
39	3.0
40	3.0
41	3.0
44	3.0
45	3.0
46	3.0
47	3.0
48	3.0
49	3.0
50	3.0
51	3.0
52	3.0
53	3.0
54	3.0
55	3.0
56	3.0
57	3.0
58	3.0
59	3.0
60	3.0
61	3.0
62	3.0
63	3.0
64	3.0
65	3.0
66	3.0
67	3.0
68	3.0
69	3.0
70	3.0
71	3.0
72	3.0
73	3.0
74	3.0
75	3.0
76	3.0
77	3.0
79	3.0
80	3.0
81	3.0
82	3.0
83	3.0
84	3.0
85	3.0
86	3.0
87	3.0
88	3.0
89	3.0
90	3.0
91	3.0
92	3.0
93	3.0
94	3.0
95	3.0
96	3.0
97	3.0
98	3.0
99	3.0
100	3.0
101	3.0
102	3.0
103	3.0
104	3.0
105	3.0
106	3.0
107	3.0
108	3.0
109	3.0
110	3.0
111	3.0
112	3.0
114	3.0
116	3.0
117	3.0
118	3.0
119	3.0
120	3.0
121	3.0
122	3.0
123	3.0
124	3.0
125	3.0
126	3.0
127	3.0
128	3.0
129	3.0
130	3.0
131	3.0
132	3.0
133	3.0
134	3.0
135	3.0
136	3.0
137	3.0
138	3.0
139	3.0
140	3.0
141	3.0
142	3.0
143	3.0
144	3.0
145	3.0
146	3.0
147	3.0
148	3.0
149	3.0
150	3.0
151	3.0
153	3.0
154	3.0
155	3.0
156	3.0
157	3.0
158	3.0
159	3.0
160	3.0
161	3.0
162	3.0
163	3.0
164	3.0
165	3.0
166	3.0
167	3.0
168	3.0
169	3.0
170	3.0
171	3.0
172	3.0
173	3.0
174	3.0
175	3.0
176	3.0
177	3.0
178	3.0
179	3.0
180	3.0
181	3.0
182	3.0
183	3.0
184	3.0
185	3.0
186	3.0
187	3.0
188	3.0
189	3.0
190	3.0
191	3.0
192	3.0
193	3.0
194	3.0
195	3.0
196	3.0
197	3.0
198	3.0
199	3.0
200	3.0
201	3.0
202	3.0
203	3.0
204	3.0
205	3.0
206	3.0
207	3.0
208	3.0
209	3.0
210	3.0
211	3.0
212	3.0
213	3.0
214	3.0
215	3.0
216	3.0
217	3.0
219	3.0
220	3.0
221	3.0
222	3.0
223	3.0
224	3.0
225	3.0
226	3.0
227	3.0
228	3.0
229	3.0
230	3.0
231	3.0
233	3.0
234	3.0
235	3.0
236	3.0
237	3.0
238	3.0
239	3.0
240	3.0
241	3.0
242	3.0
243	3.0
244	3.0
245	3.0
246	3.0
247	3.0
248	3.0
249	3.0
250	3.0
251	3.0
252	3.0
253	3.0
254	3.0
255	3.0
256	3.0
257	3.0
258	3.0
259	3.0
260	3.0
261	3.0
262	3.0
263	3.0
264	3.0
265	3.0
266	3.0
267	3.0
268	3.0
269	3.0
270	3.0
271	3.0
272	3.0
273	3.0
274	3.0
275	3.0
276	3.0
277	3.0
278	3.0
279	3.0
280	3.0
281	3.0
282	3.0
283	3.0
284	3.0
285	3.0
286	3.0
287	3.0
288	3.0
289	3.0
290	3.0
291	3.0
292	3.0
293	3.0
294	3.0
295	3.0
296	3.0
297	3.0
298	3.0
299	3.0
300	3.0
301	3.0
302	3.0
303	3.0
304	3.0
305	3.0
306	3.0
307	3.0
308	3.0
309	3.0
310	3.0
311	3.0
312	3.0
35	2.0
37	2.0
42	2.0
43	2.0
78	2.0
113	2.0
152	2.0
218	2.0
232	2.0
115	1.0
