Length
1	2	3	4	5	6	7	8	9	10	11	12	13	14	15	16	17	18	19	20
45	48	48	45	47	48	46	45	47	47	48	48	48	45	45	47	48	48	45	48

design
9	2	3	6	6	8	1	2	25	2	5	18	7	12	6	1	25	1	3	5
10	3	4	32	35	13	7	7	26	14	12	20	13	41	21	8	27	14	4	12
11	4	9	64	39	22	13	8	34	15	29	34	19	48	23	14	38	18	5	40
22	9	10	68	52	27	34	19	45	16	33	45	44	49	24	18	40	46	24	42
25	10	11	71	75	36	44	33	52	17	38	47	66	50	26	21	46	51	30	43
27	11	15	76	83	40	46	37	53	19	57	52	97	51	28	23	47	54	31	61
29	15	16	92	84	53	58	51	57	24	66	57	111	60	30	28	54	55	35	62
31	16	17	105	98	69	63	60	59	28	70	61	113	65	31	29	55	56	42	73
41	17	20	108	100	73	65	72	64	36	78	73	116	72	33	32	56	59	43	75
42	20	21	109	103	76	69	76	67	41	90	74	118	84	35	39	58	69	54	79
43	22	30	110	105	91	70	77	79	44	91	78	131	101	37	61	63	71	55	91
47	23	37	114	118	93	75	80	80	58	92	86	132	104	60	62	67	93	56	107
68	26	48	130	122	94	85	83	87	74	93	100	133	111	63	68	77	94	62	115
74	32	49	136	126	95	97	96	88	86	94	106	134	113	67	70	81	95	64	131
80	36	50	140	127	108	109	99	89	97	95	123	136	130	83	81	82	99	85	144
98	38	53	153	128	114	132	112	96	101	104	125	139	135	87	82	85	102	98	163
106	39	65	155	138	116	133	115	115	102	106	126	143	141	88	90	99	112	103	170
107	45	66	158	150	118	134	129	119	103	108	127	145	142	89	96	124	117	104	175
113	48	77	164	157	122	141	137	124	105	112	128	149	144	90	117	140	123	110	176
123	49	78	176	159	135	148	142	137	119	132	129	151	152	100	119	146	125	111	180
124	50	81	179	160	147	156	143	143	120	133	148	157	177	101	120	165	139	116	181
146	59	82	183	161	154	157	146	155	121	134	156	164	182	102	121	166	142	137	184
151	71	84	187	168	162	170	153	177	126	138	168	169	191	109	122	167	149	141	193
152	72	86	189	169	171	178	154	178	127	145	171	181	197	120	129	171	154	145	194
170	79	92	192	174	172	182	162	185	128	147	172	183	216	121	131	172	168	150	196
176	87	107	195	185	173	185	164	189	136	151	173	195	217	130	135	173	184	158	198
181	88	114	200	192	175	188	165	191	156	159	175	201	220	144	138	174	207	159	199
182	89	117	202	213	186	190	166	193	174	160	180	202	226	150	140	179	215	160	209
201	110	139	225	216	188	194	167	210	179	163	183	210	239	162	147	202	237	161	210
204	125	149	226	217	190	200	184	211	186	188	190	211	246	187	148	203	238	180	211
205	155	163	235	218	197	215	195	212	213	203	198	212	256	191	152	204	241	192	212
206	161	165	241	219	204	216	208	220	218	207	199	218	264	194	153	205	242	201	217
231	177	166	248	232	205	221	209	229	224	222	203	227	267	196	158	206	258	209	221
247	189	167	255	234	206	223	221	241	239	224	231	233	296	214	178	208	261	219	234
275	193	169	256	242	213	228	233	242	243	225	232	235	297	219	197	228	262	223	237
278	196	186	261	253	215	235	236	249	244	228	243	237	298	222	198	229	265	230	238
281	200	187	263	254	220	236	240	250	245	246	244	238	300	230	199	247	266	231	249
282	207	214	264	257	222	243	252	251	257	248	245	260	303	246	223	254	271	257	250
283	208	225	267	258	226	244	268	253	258	249	256	268	304	269	224	270	273	262	251
284	214	227	270	261	229	245	274	254	268	250	259	270	305	278	227	276	280	274	259
285	232	234	271	264	230	247	278	263	280	251	260	272	306	285	236	277	282	276	260
287	253	239	287	286	233	269	293	269	285	255	262	276	307	288	240	279	283	277	263
299	259	240	292	291	248	271	303	274	292	279	266	277	309	289	252	288	284	280	286
306	265	265	298	292	252	272	309	275	295	281	273	293	310	290	255	289	294	293	299
312	266	288	305	305	272	286	311	279	302	282	275	294	312	294	281	290	296	309	300
0	267	289	0	308	296	299	0	291	303	283	291	295	0	0	287	295	300	0	301
0	273	290	0	310	301	0	0	306	311	284	297	301	0	0	298	297	307	0	304
0	302	302	0	0	304	0	0	0	0	312	308	308	0	0	0	311	310	0	307

expected score
1.0	0.578

2.0	0.599

3.0	0.608

4.0	0.524

5.0	0.568

6.0	0.584

7.0	0.592

8.0	0.545

9.0	0.583

10.0	0.584

11.0	0.635

12.0	0.612

13.0	0.627

14.0	0.577

15.0	0.635

16.0	0.586

17.0	0.659

18.0	0.628

19.0	0.635

20.0	0.616

Categorical variables
UNIT
D3	0	2	2	0	0	0	0	0	0	0	0	0	0	0	0	0	0	0	2	0
D8	3	3	3	0	0	0	0	0	0	0	0	0	0	0	0	0	0	0	0	0
D12	0	3	3	0	0	0	0	0	0	3	0	0	0	0	0	0	0	0	0	0
D3b	2	0	0	0	0	0	0	0	0	0	0	0	0	0	0	0	0	0	2	2
D8b	0	3	3	0	0	0	0	0	0	0	0	0	0	3	0	0	0	0	0	0
D12b	0	0	0	0	0	0	0	0	0	0	0	0	0	0	0	0	3	3	3	0
D3c	0	0	2	0	0	0	0	0	0	0	0	0	0	0	0	2	2	0	0	0
D8c	0	3	0	0	0	0	0	0	3	0	0	0	0	0	3	0	0	0	0	0
D12c	0	0	0	0	0	3	0	0	0	0	3	0	0	0	0	0	0	3	0	0
D3d	0	0	0	0	0	0	0	0	0	2	0	0	0	0	2	2	0	0	0	0
D8d	0	0	0	0	3	0	0	0	0	3	0	3	0	0	0	0	0	0	0	0
D12d	0	0	0	0	0	0	3	0	0	0	3	0	3	0	0	0	0	0	0	0
D3e	0	0	0	0	2	0	0	0	0	0	2	0	0	0	0	0	0	0	2	0
D8e	0	0	3	0	0	0	0	3	0	0	0	0	0	0	0	0	3	0	0	0
D12e	0	0	0	0	0	3	0	0	0	0	0	3	0	0	0	0	3	0	0	0
D3f	0	0	0	0	0	0	0	0	0	0	0	2	0	0	0	2	0	0	0	2
D8f	3	0	0	0	0	3	0	0	0	0	0	0	0	0	0	0	3	0	0	0
D12f	0	0	0	0	0	0	0	0	3	0	0	0	3	0	0	0	0	0	0	3
D3g	0	0	0	0	0	0	0	0	0	0	0	0	2	0	0	0	0	2	0	2
D8g	0	0	0	0	0	0	3	0	0	3	0	3	0	0	0	0	0	0	0	0
D12g	0	0	0	0	0	0	0	0	3	0	3	0	0	0	0	0	0	0	0	3
D3h	0	0	0	0	0	0	0	0	0	0	0	0	2	0	0	0	2	0	2	0
D8h	3	0	0	0	0	0	0	0	0	0	3	0	0	0	0	0	0	3	0	0
D12h	0	0	3	0	0	0	0	0	0	0	0	0	0	0	3	0	3	0	0	0

DOMAIN
Numeri	11	11	11	14	15	14	12	14	11	11	11	11	11	11	13	11	11	11	14	12
Dati e previsioni	14	19	16	7	8	14	10	13	17	17	16	13	10	12	13	9	19	15	11	11
Spazio e figure	12	10	14	10	13	9	20	10	11	11	12	14	19	14	15	14	13	12	14	17
Relazioni e funzioni	8	8	7	14	11	11	4	8	8	8	9	10	8	8	4	13	5	10	6	8

DIMENSION
Conoscere	22	23	31	27	28	28	29	25	26	26	33	27	30	23	26	34	26	29	25	34
Risolvere problemi	19	24	14	14	13	14	13	16	17	16	10	13	13	16	11	12	17	12	15	9
Argomentare	4	1	3	4	6	6	4	4	4	5	5	8	5	6	8	1	5	7	5	5

Sum variables

Overlap matrix
	1	2	3	4	5	6	7	8	9	10	11	12	13	14	15	16	17	18	19	20
1	45	4	4	3	1	5	4	3	5	3	8	6	4	6	3	5	9	4	6	7
2	4	48	15	7	4	2	1	3	12	6	2	7	0	6	7	3	2	7	4	4
3	4	15	48	4	3	3	1	6	1	7	5	3	5	6	8	6	9	4	3	3
4	3	7	4	45	7	5	4	4	5	4	5	2	7	7	4	8	4	4	4	2
5	1	4	3	7	47	3	5	1	6	11	3	9	5	6	6	3	2	5	10	4
6	5	2	3	5	3	48	6	6	3	3	9	6	6	6	3	6	9	7	2	6
7	4	1	1	4	5	6	46	3	4	7	6	7	10	4	4	6	6	5	3	6
8	3	3	6	4	1	6	3	45	6	5	2	1	8	6	6	7	8	6	5	4
9	5	12	1	5	6	3	4	6	47	1	5	6	4	4	7	3	6	3	3	10
10	3	6	7	4	11	3	7	5	1	47	1	9	7	4	7	6	5	4	4	0
11	8	2	5	5	3	9	6	2	5	1	48	4	6	4	4	8	4	8	5	7
12	6	7	3	2	9	6	7	1	6	9	4	48	3	2	1	6	6	7	3	8
13	4	0	5	7	5	6	10	8	4	7	6	3	48	2	1	2	5	5	7	9
14	6	6	6	7	6	6	4	6	4	4	4	2	2	45	6	4	1	6	4	6
15	3	7	8	4	6	3	4	6	7	7	4	1	1	6	45	6	5	2	7	3
16	5	3	6	8	3	6	6	7	3	6	8	6	2	4	6	47	3	4	3	5
17	9	2	9	4	2	9	6	8	6	5	4	6	5	1	5	3	48	5	6	1
18	4	7	4	4	5	7	5	6	3	4	8	7	5	6	2	4	5	48	5	5
19	6	4	3	4	10	2	3	5	3	4	5	3	7	4	7	3	6	5	45	6
20	7	4	3	2	4	6	6	4	10	0	7	8	9	6	3	5	1	5	6	48

Item use
1	3.0
2	3.0
3	3.0
4	3.0
5	3.0
6	3.0
7	3.0
8	3.0
9	3.0
10	3.0
11	3.0
12	3.0
13	3.0
14	3.0
15	3.0
16	3.0
17	3.0
18	3.0
19	3.0
20	3.0
21	3.0
22	3.0
23	3.0
24	3.0
25	3.0
26	3.0
27	3.0
28	3.0
29	3.0
30	3.0
31	3.0
32	3.0
33	3.0
34	3.0
35	3.0
36	3.0
37	3.0
38	3.0
39	3.0
40	3.0
41	3.0
42	3.0
43	3.0
44	3.0
45	3.0
46	3.0
47	3.0
48	3.0
49	3.0
50	3.0
51	3.0
52	3.0
53	3.0
54	3.0
55	3.0
56	3.0
57	3.0
58	3.0
59	3.0
60	3.0
61	3.0
62	3.0
63	3.0
64	3.0
65	3.0
66	3.0
67	3.0
68	3.0
69	3.0
70	3.0
71	3.0
72	3.0
73	3.0
74	3.0
75	3.0
76	3.0
77	3.0
78	3.0
79	3.0
80	3.0
81	3.0
82	3.0
83	3.0
84	3.0
85	3.0
86	3.0
87	3.0
88	3.0
89	3.0
90	3.0
91	3.0
92	3.0
93	3.0
94	3.0
95	3.0
96	3.0
97	3.0
98	3.0
99	3.0
100	3.0
101	3.0
102	3.0
103	3.0
104	3.0
105	3.0
106	3.0
107	3.0
108	3.0
109	3.0
110	3.0
111	3.0
112	3.0
113	3.0
114	3.0
115	3.0
116	3.0
117	3.0
118	3.0
119	3.0
120	3.0
121	3.0
122	3.0
123	3.0
124	3.0
125	3.0
126	3.0
127	3.0
128	3.0
129	3.0
130	3.0
131	3.0
132	3.0
133	3.0
134	3.0
135	3.0
136	3.0
137	3.0
138	3.0
139	3.0
140	3.0
141	3.0
142	3.0
143	3.0
144	3.0
145	3.0
146	3.0
147	3.0
148	3.0
149	3.0
150	3.0
151	3.0
152	3.0
153	3.0
154	3.0
155	3.0
156	3.0
157	3.0
158	3.0
159	3.0
160	3.0
161	3.0
162	3.0
163	3.0
164	3.0
165	3.0
166	3.0
167	3.0
168	3.0
169	3.0
170	3.0
171	3.0
172	3.0
173	3.0
174	3.0
175	3.0
176	3.0
177	3.0
178	3.0
179	3.0
180	3.0
181	3.0
182	3.0
183	3.0
184	3.0
185	3.0
186	3.0
187	3.0
188	3.0
189	3.0
190	3.0
191	3.0
192	3.0
193	3.0
194	3.0
195	3.0
196	3.0
197	3.0
198	3.0
199	3.0
200	3.0
201	3.0
202	3.0
203	3.0
204	3.0
205	3.0
206	3.0
207	3.0
208	3.0
209	3.0
210	3.0
211	3.0
212	3.0
213	3.0
214	3.0
215	3.0
216	3.0
217	3.0
218	3.0
219	3.0
220	3.0
221	3.0
222	3.0
223	3.0
224	3.0
225	3.0
226	3.0
227	3.0
228	3.0
229	3.0
230	3.0
231	3.0
232	3.0
233	3.0
234	3.0
235	3.0
236	3.0
237	3.0
238	3.0
239	3.0
240	3.0
241	3.0
242	3.0
243	3.0
244	3.0
245	3.0
246	3.0
247	3.0
248	3.0
249	3.0
250	3.0
251	3.0
252	3.0
253	3.0
254	3.0
255	3.0
256	3.0
257	3.0
258	3.0
259	3.0
260	3.0
261	3.0
262	3.0
263	3.0
264	3.0
265	3.0
266	3.0
267	3.0
268	3.0
269	3.0
270	3.0
271	3.0
272	3.0
273	3.0
274	3.0
275	3.0
276	3.0
277	3.0
278	3.0
279	3.0
280	3.0
281	3.0
282	3.0
283	3.0
284	3.0
285	3.0
286	3.0
287	3.0
288	3.0
289	3.0
290	3.0
291	3.0
292	3.0
293	3.0
294	3.0
295	3.0
296	3.0
297	3.0
298	3.0
299	3.0
300	3.0
301	3.0
302	3.0
303	3.0
304	3.0
305	3.0
306	3.0
307	3.0
308	3.0
309	3.0
310	3.0
311	3.0
312	3.0
