Length
1	2	3	4	5	6	7	8	9	10	11	12	13	14
35	35	35	35	35	35	35	35	35	35	35	35	35	35

Design
11	30	2	3	8	7	1	1	9	13	6	3	4	15
19	31	17	14	13	32	5	2	10	23	28	5	17	20
69	33	18	16	15	55	6	4	11	24	39	10	26	25
89	34	19	24	29	61	7	8	28	27	49	16	43	26
93	35	23	40	36	73	9	14	33	40	50	21	53	30
103	66	27	42	38	74	20	18	34	49	65	39	61	31
107	67	29	57	45	78	32	21	35	50	70	41	90	38
110	69	42	71	47	79	36	25	58	51	72	59	95	59
143	89	44	96	48	80	41	51	66	58	75	65	109	67
149	114	45	97	52	94	43	52	70	71	93	78	121	68
150	120	47	102	60	96	44	53	76	77	95	79	132	72
154	126	48	116	68	97	60	57	119	99	98	80	133	75
160	128	55	117	73	104	74	81	120	100	103	84	137	111
167	129	81	128	84	113	76	82	121	101	111	85	168	115
168	170	82	145	85	116	77	83	143	125	122	86	171	119
181	175	83	149	86	117	108	87	155	126	124	87	181	127
192	176	91	154	92	125	115	90	157	134	130	92	187	129
193	177	98	160	108	127	124	91	159	141	139	99	191	147
194	183	102	162	150	132	134	94	184	146	141	100	192	148
198	188	104	163	156	133	137	110	185	153	157	101	193	158
199	190	113	164	162	139	152	144	189	175	165	106	194	165
200	195	114	169	163	145	178	146	197	176	166	107	212	169
201	196	122	186	164	147	182	159	198	177	171	109	213	172
205	201	130	197	170	148	222	167	199	180	179	144	214	174
210	203	142	202	186	158	225	172	206	206	180	153	223	178
211	208	152	214	218	179	228	205	207	207	182	155	229	184
221	209	156	215	221	195	232	211	219	208	183	187	235	185
233	213	166	229	224	202	239	223	220	217	200	188	236	190
235	217	174	238	225	215	241	226	231	219	210	203	237	209
236	257	191	240	238	218	242	227	240	230	222	224	242	212
237	260	196	245	243	228	245	233	249	241	232	252	248	220
243	261	234	247	249	230	256	255	257	247	239	253	252	226
255	264	267	260	266	231	258	258	264	248	254	254	253	227
268	265	271	261	269	262	259	269	265	266	256	268	274	234
270	267	272	271	275	273	262	273	272	274	259	270	275	263

expected score
1.0	0.562

2.0	0.562

3.0	0.576

4.0	0.544

5.0	0.549

6.0	0.545

7.0	0.59

8.0	0.568

9.0	0.563

10.0	0.564

11.0	0.574

12.0	0.553

13.0	0.545

14.0	0.575

Categorical variables
UNIT
S032651	0	2	0	0	0	0	0	0	0	0	0	0	0	2
S032665	0	3	0	0	0	0	0	0	3	0	0	0	0	0
S042049	0	0	2	0	2	0	0	0	0	0	0	0	0	0
S042051	0	0	0	0	0	0	0	0	0	2	2	0	0	0
S042222	0	0	0	0	0	3	0	0	0	0	0	3	0	0
S042228	0	0	3	0	0	0	0	3	0	0	0	0	0	0
S042238	0	0	0	0	3	0	0	0	0	0	0	3	0	0
S042293	0	0	0	2	0	2	0	0	0	0	0	0	0	0
S042300	0	0	0	0	0	0	0	0	0	3	0	3	0	0
S052085	0	0	0	0	0	2	0	0	0	0	0	0	2	0
S052090	0	0	0	0	0	0	0	0	0	0	0	0	0	0
S052112	0	0	0	0	0	2	0	0	0	0	0	0	0	2
S052165	0	0	0	3	3	0	0	0	0	0	0	0	0	0
S052243	0	3	0	0	0	0	0	0	0	3	0	0	0	0
S052263	0	0	0	0	0	0	0	0	2	0	0	0	0	2
S052289	3	0	0	0	0	0	0	0	0	0	0	0	3	0
S052303	2	0	0	0	0	0	0	0	2	0	0	0	0	0
S062024	0	0	0	0	0	0	0	0	2	2	0	0	0	0
S062091	0	0	0	0	0	0	0	2	0	0	0	0	0	2
S062103	0	0	0	0	0	0	1	0	0	0	1	0	0	0
S062116	3	0	0	0	0	0	0	0	0	0	0	0	3	0
S062173	0	0	0	0	0	0	0	0	0	0	0	2	2	0
S062211	0	2	0	2	0	0	0	0	0	0	0	0	0	0

Content_Domain
Biology	11	10	14	8	11	13	15	6	11	11	13	14	12	10
Physics	9	9	7	14	16	6	7	9	7	10	8	10	10	12
Chemistry	6	6	8	8	6	10	6	11	7	10	6	4	6	6
Earth_Science	9	10	6	5	2	6	7	9	10	4	8	7	7	7

Cognitive_Domain
Knowing	10	13	17	10	14	8	13	14	12	7	14	12	7	8
Applying	12	10	12	11	13	18	15	15	10	20	11	16	13	19
Reasoning	13	12	6	14	8	9	7	6	13	8	10	7	15	8

Item_Type
CR	14	17	15	21	19	21	8	15	19	17	14	19	20	14
MC	21	18	20	14	16	14	27	20	16	18	21	16	15	21

Topic
2	10	14	10	10	16	10	14	15	14	15	14	15	17	18
1	16	11	15	14	11	18	13	14	14	13	11	14	11	13
3	5	5	8	8	5	6	7	4	3	6	10	5	5	1
4	4	2	2	3	3	1	1	2	1	1	0	1	2	3
5	0	3	0	0	0	0	0	0	3	0	0	0	0	0

Biology_Knowing
1	2	2	5	2	5	2	7	3	2	2	4	4	5	2
0	33	33	30	33	30	33	28	32	33	33	31	31	30	33

Biology_Applying
0	33	32	28	33	31	27	30	32	33	26	29	28	35	29
1	2	3	7	2	4	8	5	3	2	9	6	7	0	6

Biology_Reasoning
0	28	30	33	31	33	32	32	35	28	35	32	32	28	33
1	7	5	2	4	2	3	3	0	7	0	3	3	7	2

Chemistry_Knowing
0	34	33	31	32	32	31	33	32	32	32	33	34	34	33
1	1	2	4	3	3	4	2	3	3	3	2	1	1	2

Chemistry_Applying
0	31	32	34	32	32	31	33	30	34	32	35	32	32	32
1	4	3	1	3	3	4	2	5	1	3	0	3	3	3

Chemistry_Reasoning
0	34	34	32	33	35	33	33	32	32	31	31	35	33	34
1	1	1	3	2	0	2	2	3	3	4	4	0	2	1

Physics_Knowing
0	31	32	31	31	30	34	34	32	34	35	32	31	34	33
1	4	3	4	4	5	1	1	3	1	0	3	4	1	2

Physics_Applying
0	33	33	33	32	29	32	30	32	30	29	32	31	30	28
1	2	2	2	3	6	3	5	3	5	6	3	4	5	7

Physics_Reasoning
0	32	31	34	28	30	33	34	32	34	31	33	33	31	32
1	3	4	1	7	5	2	1	3	1	4	2	2	4	3

Earth_Knowing
0	32	29	31	34	34	34	32	30	29	33	30	32	35	33
1	3	6	4	1	1	1	3	5	6	2	5	3	0	2

Earth_Applying
0	31	33	33	32	35	32	32	31	33	33	33	33	30	32
1	4	2	2	3	0	3	3	4	2	2	2	2	5	3

Earth_Reasoning
0	33	33	35	34	34	33	34	35	33	35	34	33	33	33
1	2	2	0	1	1	2	1	0	2	0	1	2	2	2

Sum variables

Overlap matrix
	1	2	3	4	5	6	7	8	9	10	11	12	13	14
1	35	3	1	3	3	0	0	6	4	0	4	3	8	0
2	3	35	3	3	1	1	0	0	8	6	1	2	1	6
3	1	3	35	3	5	3	2	6	1	2	4	0	2	2
4	3	3	3	35	5	7	1	2	2	4	0	2	2	1
5	3	1	5	5	35	2	4	3	1	2	0	5	1	3
6	0	1	3	7	2	35	5	2	1	2	2	3	3	4
7	0	0	2	1	4	5	35	2	2	3	8	2	3	3
8	6	0	6	2	3	2	2	35	1	2	0	3	4	4
9	4	8	1	2	1	1	2	1	35	4	3	2	1	4
10	0	6	2	4	2	2	3	2	4	35	4	4	2	0
11	4	1	4	0	0	2	8	0	3	4	35	3	2	4
12	3	2	0	2	5	3	2	3	2	4	3	35	4	1
13	8	1	2	2	1	3	3	4	1	2	2	4	35	2
14	0	6	2	1	3	4	3	4	4	0	4	1	2	35

Item use
1	2.0
2	2.0
3	2.0
4	2.0
5	2.0
6	2.0
7	2.0
8	2.0
9	2.0
10	2.0
11	2.0
13	2.0
14	2.0
15	2.0
16	2.0
17	2.0
18	2.0
19	2.0
20	2.0
21	2.0
23	2.0
24	2.0
25	2.0
26	2.0
27	2.0
28	2.0
29	2.0
30	2.0
31	2.0
32	2.0
33	2.0
34	2.0
35	2.0
36	2.0
38	2.0
39	2.0
40	2.0
41	2.0
42	2.0
43	2.0
44	2.0
45	2.0
47	2.0
48	2.0
49	2.0
50	2.0
51	2.0
52	2.0
53	2.0
55	2.0
57	2.0
58	2.0
59	2.0
60	2.0
61	2.0
65	2.0
66	2.0
67	2.0
68	2.0
69	2.0
70	2.0
71	2.0
72	2.0
73	2.0
74	2.0
75	2.0
76	2.0
77	2.0
78	2.0
79	2.0
80	2.0
81	2.0
82	2.0
83	2.0
84	2.0
85	2.0
86	2.0
87	2.0
89	2.0
90	2.0
91	2.0
92	2.0
93	2.0
94	2.0
95	2.0
96	2.0
97	2.0
98	2.0
99	2.0
100	2.0
101	2.0
102	2.0
103	2.0
104	2.0
107	2.0
108	2.0
109	2.0
110	2.0
111	2.0
113	2.0
114	2.0
115	2.0
116	2.0
117	2.0
119	2.0
120	2.0
121	2.0
122	2.0
124	2.0
125	2.0
126	2.0
127	2.0
128	2.0
129	2.0
130	2.0
132	2.0
133	2.0
134	2.0
137	2.0
139	2.0
141	2.0
143	2.0
144	2.0
145	2.0
146	2.0
147	2.0
148	2.0
149	2.0
150	2.0
152	2.0
153	2.0
154	2.0
155	2.0
156	2.0
157	2.0
158	2.0
159	2.0
160	2.0
162	2.0
163	2.0
164	2.0
165	2.0
166	2.0
167	2.0
168	2.0
169	2.0
170	2.0
171	2.0
172	2.0
174	2.0
175	2.0
176	2.0
177	2.0
178	2.0
179	2.0
180	2.0
181	2.0
182	2.0
183	2.0
184	2.0
185	2.0
186	2.0
187	2.0
188	2.0
190	2.0
191	2.0
192	2.0
193	2.0
194	2.0
195	2.0
196	2.0
197	2.0
198	2.0
199	2.0
200	2.0
201	2.0
202	2.0
203	2.0
205	2.0
206	2.0
207	2.0
208	2.0
209	2.0
210	2.0
211	2.0
212	2.0
213	2.0
214	2.0
215	2.0
217	2.0
218	2.0
219	2.0
220	2.0
221	2.0
222	2.0
223	2.0
224	2.0
225	2.0
226	2.0
227	2.0
228	2.0
229	2.0
230	2.0
231	2.0
232	2.0
233	2.0
234	2.0
235	2.0
236	2.0
237	2.0
238	2.0
239	2.0
240	2.0
241	2.0
242	2.0
243	2.0
245	2.0
247	2.0
248	2.0
249	2.0
252	2.0
253	2.0
254	2.0
255	2.0
256	2.0
257	2.0
258	2.0
259	2.0
260	2.0
261	2.0
262	2.0
264	2.0
265	2.0
266	2.0
267	2.0
268	2.0
269	2.0
270	2.0
271	2.0
272	2.0
273	2.0
274	2.0
275	2.0
106	1.0
142	1.0
189	1.0
263	1.0
12	0.0
22	0.0
37	0.0
46	0.0
54	0.0
56	0.0
62	0.0
63	0.0
64	0.0
88	0.0
105	0.0
112	0.0
118	0.0
123	0.0
131	0.0
135	0.0
136	0.0
138	0.0
140	0.0
151	0.0
161	0.0
173	0.0
204	0.0
216	0.0
244	0.0
246	0.0
250	0.0
251	0.0
276	0.0
